1000
1 5700
2 369
3 819
4 2564
5 6371
6 8771
7 496
8 1525
9 798
10 7622
11 6230
12 429
13 7314
14 3405
15 656
16 1307
17 2448
18 9214
19 725
20 4363
21 2511
22 4461
23 9063
24 3594
25 944
26 3021
27 2253
28 605
29 6613
30 5615
31 2330
32 5482
33 219
34 5656
35 3005
36 8873
37 8155
38 1695
39 246
40 8410
41 2394
42 8082
43 5564
44 837
45 7547
46 3827
47 1213
48 5612
49 863
50 2263
51 1139
52 1183
53 2664
54 4999
55 7802
56 1512
57 6893
58 2729
59 353
60 3166
61 5155
62 4136
63 8500
64 4644
65 799
66 2115
67 7643
68 6878
69 9976
70 5575
71 9118
72 1280
73 4128
74 834
75 26
76 9577
77 8707
78 379
79 2277
80 4791
81 1042
82 515
83 6493
84 9951
85 513
86 2092
87 5211
88 5701
89 6924
90 9662
91 7861
92 6364
93 6385
94 384
95 8997
96 152
97 1464
98 4934
99 6721
100 1699
101 2598
102 83
103 9236
104 9266
105 6120
106 7951
107 2868
108 9160
109 6747
110 3437
111 826
112 6648
113 2310
114 3125
115 4911
116 5111
117 6651
118 1809
119 1233
120 1958
121 6805
122 9488
123 6400
124 4843
125 1516
126 5766
127 3086
128 8935
129 7474
130 5807
131 2337
132 8299
133 5019
134 2269
135 773
136 9535
137 4672
138 1317
139 6446
140 6698
141 931
142 4236
143 7667
144 8331
145 6531
146 7255
147 6473
148 799
149 9324
150 3932
151 4027
152 9909
153 7603
154 8040
155 6797
156 1652
157 2405
158 362
159 8208
160 1579
161 4142
162 6628
163 7054
164 5736
165 4030
166 5473
167 5562
168 9386
169 9276
170 9947
171 9208
172 2305
173 2545
174 8374
175 8336
176 1760
177 8237
178 8911
179 1465
180 4300
181 130
182 9780
183 9999
184 6923
185 8789
186 704
187 5510
188 3697
189 2447
190 622
191 5832
192 9004
193 227
194 4072
195 7146
196 65
197 1429
198 5705
199 21
200 1716
201 5247
202 4498
203 5581
204 3058
205 7050
206 7944
207 8209
208 2335
209 2833
210 3228
211 2427
212 1021
213 386
214 5429
215 7327
216 64
217 5513
218 759
219 899
220 2799
221 3430
222 1441
223 118
224 1099
225 1895
226 5156
227 6158
228 444
229 1744
230 832
231 1021
232 771
233 3328
234 2631
235 9971
236 3790
237 444
238 5294
239 5594
240 2790
241 9752
242 1360
243 9654
244 6785
245 5524
246 5214
247 1177
248 1274
249 5591
250 6154
251 4924
252 6205
253 704
254 7205
255 5582
256 4131
257 3189
258 5262
259 9201
260 6496
261 4706
262 5572
263 6957
264 4374
265 78
266 879
267 9962
268 332
269 742
270 2114
271 3874
272 2833
273 6432
274 2625
275 2580
276 8573
277 425
278 4800
279 4468
280 1408
281 6146
282 35
283 7196
284 6301
285 8753
286 5551
287 3726
288 50
289 4369
290 6683
291 5936
292 851
293 7092
294 9113
295 4994
296 9393
297 1798
298 5395
299 595
300 1912
301 9751
302 602
303 5942
304 7275
305 9928
306 6985
307 3499
308 1761
309 3690
310 2613
311 85
312 865
313 4609
314 4962
315 8035
316 7708
317 4132
318 1176
319 2618
320 739
321 4132
322 7335
323 2030
324 2588
325 6817
326 5027
327 9548
328 611
329 1016
330 1426
331 1671
332 2279
333 786
334 8080
335 5918
336 262
337 9552
338 9905
339 9906
340 664
341 2490
342 9366
343 469
344 8349
345 2764
346 2439
347 3373
348 1246
349 836
350 9086
351 4994
352 6545
353 3163
354 2079
355 984
356 6562
357 3143
358 3737
359 8478
360 4644
361 7485
362 9325
363 3671
364 2552
365 3639
366 6967
367 4016
368 7850
369 1624
370 7906
371 7886
372 7826
373 4531
374 1339
375 7898
376 9105
377 1475
378 5105
379 8314
380 7317
381 4954
382 4119
383 9233
384 2432
385 9553
386 7839
387 1230
388 1765
389 2629
390 5266
391 1859
392 7438
393 2651
394 7320
395 406
396 2837
397 5849
398 9598
399 7277
400 5668
401 2793
402 8361
403 2001
404 1687
405 3507
406 4572
407 66
408 3384
409 5203
410 813
411 2574
412 2128
413 714
414 432
415 843
416 2227
417 8753
418 7677
419 779
420 2008
421 6217
422 4402
423 8842
424 5845
425 9127
426 8697
427 8875
428 7656
429 9642
430 1614
431 3078
432 4388
433 3782
434 6746
435 5579
436 3834
437 704
438 862
439 1849
440 5699
441 1364
442 1996
443 4298
444 3020
445 3693
446 9808
447 4223
448 3746
449 2496
450 1666
451 1174
452 1132
453 1092
454 6813
455 8147
456 9582
457 8696
458 9458
459 5372
460 8305
461 5798
462 1415
463 8530
464 5682
465 6015
466 4267
467 6493
468 8352
469 2026
470 1219
471 9595
472 1317
473 539
474 3739
475 5914
476 3888
477 6758
478 1741
479 2851
480 9518
481 9336
482 9723
483 4208
484 7051
485 7413
486 6710
487 1813
488 4042
489 6189
490 3401
491 4182
492 2599
493 188
494 9968
495 786
496 201
497 3742
498 918
499 1230
500 1608
501 9900
502 3986
503 6198
504 7038
505 4420
506 9882
507 1578
508 19
509 5638
510 6172
511 895
512 1871
513 3729
514 6587
515 873
516 3516
517 6394
518 4737
519 6999
520 5260
521 2086
522 3248
523 5961
524 6383
525 7227
526 27
527 5376
528 2464
529 7153
530 8009
531 73
532 898
533 5006
534 7047
535 3608
536 1957
537 9250
538 2563
539 4196
540 5764
541 3612
542 9156
543 3123
544 5557
545 8862
546 5525
547 1375
548 1522
549 9139
550 1345
551 9312
552 1976
553 3573
554 9074
555 1720
556 554
557 1977
558 3602
559 5932
560 4312
561 2328
562 4595
563 2311
564 9023
565 8854
566 5628
567 7869
568 9478
569 195
570 7498
571 9424
572 457
573 3994
574 6367
575 1554
576 2927
577 6200
578 7138
579 584
580 9504
581 1269
582 4737
583 9389
584 3971
585 795
586 9660
587 1644
588 7108
589 1286
590 514
591 8585
592 5812
593 9345
594 1810
595 1732
596 8496
597 9615
598 6464
599 373
600 8105
601 9662
602 4229
603 3449
604 5232
605 8403
606 6547
607 4227
608 562
609 696
610 1160
611 956
612 897
613 528
614 4416
615 2220
616 7901
617 9470
618 2059
619 7219
620 668
621 4122
622 9088
623 2992
624 8587
625 1462
626 5898
627 9490
628 8115
629 5096
630 3403
631 3965
632 3933
633 4374
634 6534
635 194
636 8209
637 9828
638 7406
639 7522
640 4909
641 6446
642 1217
643 1897
644 121
645 165
646 2968
647 6325
648 6725
649 337
650 6489
651 1068
652 8328
653 167
654 9205
655 3514
656 3853
657 2979
658 6107
659 5111
660 9472
661 5780
662 2441
663 606
664 5236
665 2088
666 141
667 172
668 186
669 5710
670 2238
671 4782
672 289
673 266
674 7004
675 9778
676 4451
677 2594
678 1218
679 5136
680 1054
681 7140
682 2444
683 9889
684 1579
685 6499
686 1132
687 7477
688 5563
689 8319
690 3170
691 6704
692 1743
693 559
694 4301
695 1794
696 6607
697 8505
698 9123
699 8573
700 9951
701 3743
702 599
703 792
704 712
705 2940
706 4238
707 16
708 234
709 7758
710 6284
711 666
712 7814
713 3564
714 8707
715 865
716 5897
717 1127
718 589
719 6561
720 2781
721 9740
722 6450
723 8014
724 6867
725 1896
726 5376
727 975
728 4204
729 1982
730 7395
731 9134
732 7359
733 9537
734 803
735 5279
736 2651
737 5204
738 8335
739 8468
740 6656
741 8617
742 5874
743 1296
744 9238
745 8396
746 7201
747 3814
748 1008
749 9792
750 3548
751 1833
752 7815
753 219
754 5539
755 7346
756 9499
757 5837
758 2050
759 9608
760 2216
761 7526
762 4201
763 3183
764 8681
765 7988
766 4893
767 3893
768 3647
769 1787
770 8962
771 775
772 6078
773 6178
774 5455
775 6920
776 9404
777 7906
778 6724
779 6521
780 58
781 3919
782 1082
783 44
784 9343
785 8923
786 835
787 2741
788 8856
789 2576
790 7515
791 3521
792 5367
793 7440
794 3172
795 6186
796 6590
797 4163
798 8609
799 4540
800 7079
801 9060
802 908
803 517
804 1938
805 2739
806 5275
807 2986
808 7936
809 8528
810 3482
811 2776
812 2850
813 8570
814 2855
815 491
816 4591
817 3303
818 7846
819 3103
820 3042
821 2117
822 9768
823 8626
824 9447
825 198
826 7389
827 5386
828 1312
829 5964
830 2761
831 4106
832 5487
833 5056
834 7316
835 1753
836 6081
837 1920
838 7381
839 4906
840 7169
841 16
842 1893
843 9380
844 8630
845 3179
846 7945
847 5386
848 1115
849 9212
850 7461
851 3532
852 6290
853 4238
854 4112
855 9305
856 3067
857 3265
858 5126
859 8348
860 5521
861 6352
862 8603
863 2958
864 9641
865 6648
866 7522
867 7048
868 1224
869 550
870 6786
871 5477
872 988
873 9505
874 8978
875 1744
876 613
877 661
878 4859
879 7605
880 7590
881 5334
882 9433
883 3081
884 3628
885 8788
886 5702
887 9317
888 4943
889 9152
890 935
891 2134
892 9299
893 7134
894 5343
895 8735
896 8763
897 3066
898 1062
899 2619
900 1013
901 1785
902 7104
903 7641
904 2364
905 2698
906 2134
907 7133
908 3979
909 8291
910 541
911 267
912 2795
913 9618
914 859
915 6988
916 3572
917 8880
918 3940
919 344
920 746
921 7294
922 8133
923 3543
924 6506
925 3542
926 915
927 2221
928 5382
929 9806
930 2727
931 6201
932 1101
933 1337
934 9329
935 5156
936 4684
937 4156
938 4498
939 8774
940 1094
941 2750
942 6857
943 2466
944 2135
945 5575
946 1471
947 5680
948 1371
949 5831
950 1002
951 8755
952 1111
953 7962
954 8203
955 1692
956 2393
957 8504
958 9481
959 6658
960 3074
961 942
962 4495
963 2375
964 6111
965 6982
966 1869
967 9745
968 955
969 9058
970 6307
971 4907
972 1797
973 8998
974 6284
975 174
976 6372
977 5713
978 9263
979 826
980 1139
981 1274
982 1204
983 2668
984 6162
985 1247
986 5765
987 5080
988 150
989 5847
990 1516
991 3078
992 4220
993 4937
994 9261
995 412
996 3706
997 5130
998 3994
999 3924
1000 6609
