10000
1 7004
2 8446
3 6333
4 3434
5 3659
6 8901
7 5058
8 5255
9 5088
10 271
11 5758
12 4048
13 5425
14 941
15 8400
16 7707
17 1850
18 7727
19 2321
20 2680
21 1944
22 5269
23 8260
24 7031
25 9843
26 8448
27 1459
28 2209
29 3651
30 172
31 3614
32 4945
33 9826
34 588
35 989
36 31
37 3590
38 9300
39 8747
40 7247
41 8699
42 607
43 8815
44 9450
45 6720
46 1315
47 1320
48 8437
49 7093
50 498
51 3433
52 8837
53 9511
54 4792
55 3462
56 7989
57 1226
58 7095
59 617
60 3641
61 5666
62 4471
63 661
64 3865
65 8791
66 8858
67 3665
68 1245
69 3819
70 392
71 4805
72 1147
73 735
74 4852
75 4432
76 9209
77 1475
78 5714
79 9767
80 2091
81 5604
82 181
83 6813
84 490
85 55
86 9817
87 4283
88 2554
89 4758
90 5885
91 429
92 2541
93 1459
94 3100
95 2415
96 2052
97 2333
98 2253
99 8822
100 2009
101 3311
102 5959
103 7625
104 5911
105 806
106 9829
107 2091
108 1620
109 1895
110 5457
111 8315
112 855
113 5431
114 9784
115 2126
116 3934
117 4455
118 5198
119 4784
120 7950
121 4106
122 1177
123 1900
124 9222
125 6553
126 5833
127 2118
128 9336
129 23
130 6865
131 1256
132 4398
133 9777
134 8227
135 3492
136 7505
137 9988
138 685
139 7471
140 4650
141 7149
142 9366
143 1762
144 2022
145 7976
146 3021
147 6468
148 3017
149 1428
150 3011
151 2293
152 6347
153 7406
154 4848
155 8106
156 2722
157 929
158 2028
159 3917
160 9534
161 9168
162 6750
163 9027
164 4442
165 5528
166 1086
167 262
168 7180
169 743
170 4743
171 536
172 3463
173 1953
174 9056
175 8912
176 9533
177 1046
178 7607
179 6540
180 8117
181 4789
182 7758
183 1174
184 9098
185 94
186 1941
187 7803
188 8498
189 9932
190 7854
191 9921
192 2994
193 4769
194 6033
195 5111
196 2286
197 7982
198 5158
199 7445
200 6495
201 649
202 6978
203 811
204 8171
205 3337
206 2338
207 978
208 402
209 9810
210 315
211 1212
212 2592
213 9886
214 6308
215 8781
216 6793
217 642
218 8414
219 4564
220 3211
221 88
222 6890
223 5266
224 2550
225 2170
226 8185
227 9061
228 7245
229 7645
230 7730
231 116
232 7361
233 7624
234 8402
235 3700
236 6437
237 2770
238 3525
239 3771
240 8633
241 1152
242 5835
243 1540
244 8986
245 1445
246 2580
247 3364
248 162
249 3830
250 5587
251 2252
252 7412
253 3726
254 8572
255 1230
256 730
257 157
258 1849
259 8326
260 7398
261 7598
262 8165
263 9222
264 6932
265 9005
266 648
267 3536
268 2876
269 6964
270 2145
271 5460
272 4428
273 2376
274 8491
275 9339
276 9277
277 9313
278 6641
279 2443
280 3159
281 5498
282 4706
283 8422
284 3831
285 4429
286 5604
287 6923
288 351
289 9992
290 4205
291 3801
292 5838
293 9019
294 1506
295 2912
296 8985
297 1001
298 4778
299 393
300 8960
301 8485
302 7233
303 977
304 355
305 9974
306 8615
307 5852
308 10
309 6176
310 2002
311 7968
312 3439
313 1312
314 2524
315 7481
316 1929
317 8096
318 1474
319 3012
320 2748
321 5604
322 9027
323 2810
324 4352
325 5865
326 6795
327 3292
328 2010
329 707
330 1773
331 2142
332 8645
333 1143
334 4191
335 4073
336 8876
337 5350
338 9980
339 6375
340 6239
341 6951
342 9639
343 5905
344 8842
345 4201
346 867
347 7691
348 8904
349 4064
350 3338
351 3353
352 8218
353 7835
354 3476
355 7745
356 9362
357 2374
358 847
359 3363
360 8965
361 8376
362 6049
363 3528
364 1080
365 2907
366 7706
367 6743
368 3963
369 5151
370 4846
371 4815
372 9109
373 2719
374 7633
375 6418
376 2211
377 142
378 1110
379 5181
380 1213
381 2435
382 8950
383 1135
384 1785
385 1639
386 5800
387 8839
388 3416
389 5702
390 1973
391 6140
392 4481
393 4286
394 6505
395 1368
396 8979
397 9689
398 1098
399 7847
400 1898
401 8306
402 6243
403 4560
404 5573
405 1025
406 5677
407 9020
408 8193
409 1974
410 6851
411 4473
412 1512
413 1587
414 8246
415 8728
416 2324
417 7111
418 2940
419 3625
420 84
421 1868
422 3542
423 7449
424 5279
425 8805
426 210
427 1886
428 4682
429 1431
430 6965
431 9184
432 3557
433 872
434 9461
435 479
436 8443
437 892
438 7385
439 5055
440 22
441 569
442 5480
443 8109
444 6785
445 403
446 148
447 2184
448 2564
449 6483
450 9224
451 2706
452 2560
453 3739
454 8820
455 3679
456 9017
457 6593
458 3608
459 1277
460 772
461 4026
462 1157
463 8720
464 2350
465 7056
466 1887
467 9091
468 7950
469 2730
470 5199
471 7158
472 6521
473 698
474 4619
475 5072
476 7631
477 1824
478 882
479 4317
480 9255
481 6645
482 7368
483 9349
484 6684
485 2424
486 4763
487 2885
488 1588
489 1039
490 3015
491 6672
492 7815
493 4649
494 24
495 4906
496 5029
497 4988
498 924
499 1819
500 4661
501 946
502 2619
503 5389
504 126
505 1678
506 3969
507 1179
508 4345
509 9371
510 9418
511 3574
512 1788
513 7426
514 5795
515 2950
516 5136
517 7124
518 5993
519 9711
520 7975
521 618
522 7362
523 2944
524 9140
525 4150
526 5141
527 983
528 7067
529 2380
530 7146
531 692
532 9002
533 2261
534 2374
535 7598
536 4391
537 1829
538 623
539 4469
540 9122
541 8629
542 5575
543 9018
544 4731
545 5211
546 5088
547 2359
548 806
549 7059
550 5437
551 7572
552 964
553 7054
554 348
555 7909
556 1088
557 2263
558 3284
559 1537
560 2978
561 5169
562 2108
563 2150
564 2200
565 8477
566 1884
567 8540
568 4645
569 9171
570 7995
571 3340
572 6638
573 6834
574 7751
575 488
576 3127
577 9483
578 8286
579 96
580 1875
581 259
582 7872
583 713
584 161
585 4213
586 6837
587 2623
588 9426
589 3565
590 1329
591 8368
592 7238
593 9816
594 192
595 8445
596 4842
597 6502
598 6012
599 3092
600 5375
601 775
602 5067
603 9173
604 7464
605 3332
606 1913
607 9691
608 9402
609 7574
610 1638
611 346
612 5051
613 301
614 957
615 6688
616 2528
617 4750
618 9595
619 1047
620 2927
621 5073
622 2962
623 2405
624 6408
625 1157
626 1529
627 1400
628 907
629 5751
630 3449
631 5354
632 8043
633 8038
634 7320
635 7018
636 9283
637 3321
638 7671
639 4214
640 457
641 1897
642 1607
643 276
644 8973
645 4572
646 4068
647 3202
648 8463
649 1234
650 4946
651 5897
652 1932
653 8352
654 2869
655 2661
656 1639
657 9774
658 8876
659 3285
660 1521
661 1522
662 7002
663 9607
664 593
665 6712
666 9978
667 8305
668 3172
669 8528
670 4624
671 3565
672 1429
673 9943
674 269
675 6013
676 2051
677 9737
678 3620
679 2225
680 4171
681 6369
682 6250
683 1959
684 8816
685 9468
686 2171
687 4968
688 1690
689 8922
690 2287
691 4993
692 4084
693 9609
694 1214
695 303
696 8948
697 1055
698 5191
699 7708
700 3067
701 1803
702 2814
703 9975
704 5502
705 3782
706 6396
707 670
708 2310
709 6991
710 5730
711 8298
712 1929
713 6853
714 4786
715 4281
716 1449
717 4202
718 153
719 6368
720 589
721 1472
722 7820
723 2137
724 4367
725 377
726 6012
727 6531
728 2549
729 2355
730 2702
731 4929
732 382
733 9740
734 5755
735 3054
736 1426
737 5829
738 7655
739 1583
740 4659
741 9080
742 6245
743 4
744 9578
745 293
746 9729
747 9992
748 7914
749 824
750 7043
751 6470
752 1650
753 761
754 1557
755 6480
756 9811
757 4733
758 2628
759 1057
760 9240
761 1755
762 1133
763 4795
764 7531
765 1880
766 9041
767 2766
768 690
769 5146
770 1567
771 1223
772 5385
773 7804
774 7842
775 615
776 2689
777 4911
778 6410
779 7238
780 2016
781 8619
782 8174
783 4163
784 4697
785 2467
786 6601
787 6747
788 7102
789 8527
790 3237
791 1541
792 242
793 46
794 2140
795 7371
796 770
797 2536
798 962
799 906
800 607
801 7773
802 5254
803 3036
804 510
805 4262
806 325
807 1791
808 2794
809 7819
810 837
811 4284
812 4937
813 4865
814 2402
815 6672
816 4059
817 9651
818 6651
819 2426
820 4873
821 7348
822 4268
823 7624
824 8453
825 4889
826 2132
827 2189
828 53
829 7751
830 6572
831 101
832 8850
833 8801
834 2218
835 8366
836 3092
837 539
838 1289
839 1600
840 874
841 7612
842 9554
843 2843
844 4176
845 8464
846 9771
847 5172
848 4826
849 2500
850 2773
851 4706
852 2631
853 5375
854 8274
855 733
856 3404
857 3858
858 4703
859 8961
860 8123
861 4571
862 1171
863 979
864 1237
865 2581
866 1085
867 7750
868 2456
869 612
870 8513
871 3281
872 7704
873 6941
874 1582
875 3262
876 1863
877 6143
878 4909
879 307
880 8943
881 1974
882 111
883 67
884 2382
885 554
886 9889
887 7969
888 9775
889 1688
890 6689
891 9151
892 7283
893 1838
894 7408
895 1060
896 2300
897 6770
898 5149
899 6622
900 9971
901 4024
902 9214
903 8966
904 2294
905 1748
906 9619
907 8237
908 3738
909 3770
910 7171
911 7150
912 4368
913 6044
914 2950
915 960
916 7760
917 9096
918 1384
919 6558
920 4276
921 5847
922 4222
923 69
924 4720
925 6804
926 256
927 1377
928 9215
929 4432
930 5997
931 7845
932 4045
933 2035
934 7399
935 2163
936 2562
937 1731
938 1398
939 6927
940 8769
941 5618
942 3238
943 6972
944 6451
945 7468
946 2865
947 1702
948 2376
949 6847
950 8989
951 6967
952 3613
953 5144
954 7799
955 7972
956 1171
957 1146
958 6034
959 5594
960 2683
961 822
962 5890
963 750
964 9221
965 8703
966 3588
967 4320
968 7698
969 9104
970 5652
971 5348
972 4562
973 4653
974 4079
975 6860
976 6145
977 6558
978 4012
979 8611
980 2012
981 6705
982 5051
983 3853
984 1167
985 5541
986 8837
987 8879
988 8128
989 9155
990 6431
991 7104
992 8757
993 4737
994 4477
995 4558
996 6440
997 6304
998 3016
999 5541
1000 671
1001 958
1002 1053
1003 7863
1004 7941
1005 6976
1006 3932
1007 2616
1008 5221
1009 2054
1010 111
1011 1910
1012 5118
1013 4052
1014 2390
1015 4582
1016 3032
1017 9745
1018 4126
1019 8801
1020 9334
1021 6011
1022 7049
1023 5074
1024 3086
1025 8626
1026 9133
1027 8430
1028 7073
1029 1801
1030 403
1031 4853
1032 6217
1033 1309
1034 1562
1035 3417
1036 4959
1037 87
1038 2557
1039 5421
1040 3304
1041 4972
1042 2382
1043 1832
1044 2057
1045 2688
1046 8244
1047 5248
1048 5380
1049 442
1050 3997
1051 4256
1052 8229
1053 9802
1054 5712
1055 368
1056 8368
1057 3069
1058 796
1059 5034
1060 830
1061 3875
1062 2423
1063 1385
1064 9214
1065 1675
1066 715
1067 7235
1068 9144
1069 5224
1070 240
1071 5673
1072 607
1073 5427
1074 2748
1075 7355
1076 8774
1077 7960
1078 7915
1079 5387
1080 8716
1081 7328
1082 2295
1083 9730
1084 524
1085 9109
1086 6261
1087 231
1088 6770
1089 9598
1090 2540
1091 1856
1092 3023
1093 3209
1094 7061
1095 9637
1096 8903
1097 2824
1098 5673
1099 5908
1100 9643
1101 5322
1102 1452
1103 9929
1104 3053
1105 4660
1106 6658
1107 6331
1108 9686
1109 3890
1110 389
1111 8680
1112 8245
1113 4076
1114 7091
1115 4081
1116 223
1117 9551
1118 2900
1119 1391
1120 8888
1121 1561
1122 1766
1123 4723
1124 7573
1125 6547
1126 3051
1127 8902
1128 9474
1129 5483
1130 5036
1131 3945
1132 9334
1133 1002
1134 251
1135 1941
1136 6612
1137 9836
1138 5881
1139 2034
1140 8019
1141 1652
1142 7732
1143 1719
1144 1865
1145 309
1146 6232
1147 3325
1148 7069
1149 7224
1150 1068
1151 1725
1152 5313
1153 3775
1154 4219
1155 6349
1156 3004
1157 4076
1158 9458
1159 6483
1160 4722
1161 7751
1162 6587
1163 8405
1164 9079
1165 4151
1166 5455
1167 5073
1168 8160
1169 4661
1170 1536
1171 9226
1172 6857
1173 7926
1174 35
1175 4629
1176 2204
1177 5540
1178 2731
1179 5872
1180 8793
1181 184
1182 4125
1183 2881
1184 298
1185 4183
1186 1426
1187 5125
1188 9469
1189 355
1190 7546
1191 5083
1192 488
1193 2416
1194 2008
1195 9401
1196 23
1197 4257
1198 494
1199 1906
1200 8040
1201 1087
1202 1586
1203 9548
1204 6743
1205 1292
1206 2406
1207 174
1208 6894
1209 3717
1210 2220
1211 746
1212 5622
1213 4231
1214 7196
1215 64
1216 3452
1217 4192
1218 8619
1219 6510
1220 8951
1221 668
1222 6545
1223 2452
1224 2443
1225 8173
1226 3509
1227 4732
1228 4259
1229 2384
1230 6664
1231 7745
1232 9049
1233 868
1234 5178
1235 8067
1236 2429
1237 1127
1238 6317
1239 3075
1240 465
1241 2020
1242 7290
1243 7634
1244 3900
1245 653
1246 8639
1247 9848
1248 3439
1249 2583
1250 8041
1251 518
1252 6763
1253 9794
1254 2538
1255 371
1256 3802
1257 63
1258 4980
1259 3110
1260 5199
1261 7203
1262 420
1263 9062
1264 3373
1265 615
1266 2189
1267 9189
1268 4242
1269 5907
1270 8754
1271 4895
1272 2610
1273 4230
1274 5294
1275 919
1276 2382
1277 5744
1278 7549
1279 9923
1280 7789
1281 7014
1282 1755
1283 9264
1284 1583
1285 4443
1286 176
1287 1390
1288 9197
1289 2505
1290 5258
1291 8805
1292 8552
1293 8778
1294 773
1295 4083
1296 9125
1297 2851
1298 9247
1299 790
1300 7496
1301 2368
1302 2686
1303 9262
1304 4236
1305 631
1306 4109
1307 5481
1308 5081
1309 1099
1310 6039
1311 169
1312 5286
1313 513
1314 91
1315 5168
1316 1874
1317 2058
1318 5732
1319 1581
1320 9718
1321 8754
1322 5034
1323 3868
1324 2631
1325 3208
1326 8537
1327 5214
1328 1030
1329 9042
1330 9850
1331 7415
1332 1207
1333 1097
1334 6932
1335 1180
1336 1545
1337 5298
1338 5569
1339 4917
1340 5438
1341 9844
1342 312
1343 9272
1344 7604
1345 3227
1346 939
1347 2625
1348 305
1349 2006
1350 9202
1351 5773
1352 2585
1353 2453
1354 744
1355 7297
1356 5362
1357 8721
1358 7799
1359 7185
1360 1608
1361 216
1362 5155
1363 1175
1364 8185
1365 417
1366 6637
1367 4416
1368 8798
1369 962
1370 6899
1371 3497
1372 4808
1373 5305
1374 998
1375 3691
1376 7401
1377 5873
1378 1009
1379 7973
1380 1194
1381 7943
1382 1026
1383 1486
1384 3034
1385 7393
1386 790
1387 1069
1388 2654
1389 7128
1390 6052
1391 4041
1392 1378
1393 6863
1394 1470
1395 3110
1396 4615
1397 6586
1398 4800
1399 3853
1400 1544
1401 1310
1402 7889
1403 8948
1404 2618
1405 1798
1406 9297
1407 3523
1408 1433
1409 3866
1410 9814
1411 5554
1412 1733
1413 7002
1414 2690
1415 2906
1416 3807
1417 5324
1418 1587
1419 1698
1420 6340
1421 1927
1422 1811
1423 2478
1424 9430
1425 6475
1426 3697
1427 442
1428 6433
1429 1227
1430 3592
1431 3782
1432 3656
1433 7831
1434 2756
1435 7138
1436 5087
1437 853
1438 4542
1439 6114
1440 6784
1441 1517
1442 5566
1443 909
1444 737
1445 9330
1446 8059
1447 3036
1448 686
1449 4534
1450 3199
1451 89
1452 6837
1453 3054
1454 621
1455 4890
1456 739
1457 6293
1458 8292
1459 4420
1460 5417
1461 9190
1462 9882
1463 2400
1464 3290
1465 1060
1466 338
1467 2591
1468 1319
1469 764
1470 1014
1471 5115
1472 1242
1473 261
1474 2893
1475 9453
1476 2726
1477 5128
1478 419
1479 6292
1480 8678
1481 4783
1482 9733
1483 450
1484 5691
1485 5643
1486 7335
1487 3882
1488 1831
1489 2513
1490 2257
1491 3579
1492 2515
1493 5259
1494 9682
1495 8099
1496 1375
1497 2399
1498 6839
1499 962
1500 7262
1501 4806
1502 4562
1503 1594
1504 596
1505 4199
1506 7058
1507 1728
1508 222
1509 4258
1510 8465
1511 1818
1512 2208
1513 1735
1514 758
1515 5921
1516 5825
1517 5890
1518 8765
1519 4929
1520 5289
1521 6271
1522 1173
1523 8283
1524 3107
1525 5030
1526 1587
1527 5145
1528 274
1529 2491
1530 2752
1531 8992
1532 7330
1533 2180
1534 2711
1535 1209
1536 2399
1537 630
1538 5173
1539 2237
1540 2624
1541 4385
1542 8697
1543 1063
1544 4532
1545 7086
1546 3897
1547 5488
1548 3405
1549 348
1550 1025
1551 7548
1552 714
1553 22
1554 8686
1555 2001
1556 3540
1557 503
1558 1336
1559 7740
1560 1401
1561 9764
1562 8523
1563 1007
1564 2483
1565 7004
1566 1939
1567 5263
1568 1896
1569 4562
1570 3444
1571 4073
1572 2071
1573 5754
1574 2918
1575 7082
1576 981
1577 2865
1578 5292
1579 27
1580 1253
1581 496
1582 806
1583 151
1584 6148
1585 5304
1586 749
1587 9384
1588 6268
1589 1056
1590 1582
1591 1398
1592 9250
1593 2505
1594 3795
1595 6677
1596 5116
1597 3888
1598 2771
1599 4691
1600 9820
1601 4447
1602 201
1603 2662
1604 8059
1605 485
1606 5634
1607 3902
1608 4909
1609 2259
1610 1340
1611 1142
1612 9674
1613 2554
1614 4988
1615 6905
1616 518
1617 9870
1618 6758
1619 8443
1620 2598
1621 734
1622 1507
1623 9200
1624 1848
1625 338
1626 2573
1627 3826
1628 2597
1629 1758
1630 4703
1631 8068
1632 9642
1633 9174
1634 3954
1635 1804
1636 1334
1637 1563
1638 1518
1639 9782
1640 6843
1641 9587
1642 4566
1643 3531
1644 7999
1645 1160
1646 1471
1647 2513
1648 4571
1649 3125
1650 4418
1651 8604
1652 3875
1653 4147
1654 2221
1655 4062
1656 529
1657 1423
1658 9203
1659 3546
1660 9071
1661 6327
1662 3577
1663 5848
1664 6461
1665 827
1666 1505
1667 6255
1668 5762
1669 3136
1670 7801
1671 827
1672 8195
1673 9605
1674 6658
1675 8826
1676 1494
1677 5137
1678 7896
1679 1597
1680 1872
1681 2736
1682 2265
1683 1152
1684 7796
1685 2737
1686 7774
1687 6735
1688 2672
1689 8513
1690 2085
1691 7824
1692 3747
1693 5854
1694 8671
1695 5134
1696 2380
1697 2519
1698 2472
1699 1149
1700 7636
1701 3431
1702 7142
1703 7163
1704 3148
1705 6741
1706 7468
1707 4664
1708 2067
1709 5724
1710 7712
1711 5896
1712 130
1713 2813
1714 6089
1715 1619
1716 6841
1717 6810
1718 1483
1719 5690
1720 4806
1721 268
1722 545
1723 90
1724 1096
1725 3065
1726 625
1727 1100
1728 9425
1729 6169
1730 6133
1731 3018
1732 5225
1733 5582
1734 1136
1735 2281
1736 3416
1737 6991
1738 8510
1739 7980
1740 1697
1741 2233
1742 226
1743 8144
1744 8025
1745 2157
1746 3069
1747 7871
1748 6739
1749 221
1750 7874
1751 891
1752 9161
1753 4503
1754 8326
1755 5223
1756 2896
1757 6407
1758 5975
1759 1857
1760 8796
1761 3059
1762 6324
1763 8047
1764 5543
1765 4360
1766 6152
1767 1097
1768 9001
1769 1583
1770 2917
1771 9652
1772 8299
1773 6807
1774 9694
1775 621
1776 6072
1777 9182
1778 2692
1779 5620
1780 8829
1781 1410
1782 3574
1783 6195
1784 8374
1785 3275
1786 6678
1787 12
1788 2714
1789 2553
1790 1256
1791 966
1792 3079
1793 7001
1794 5593
1795 5379
1796 5772
1797 949
1798 1803
1799 162
1800 5742
1801 6053
1802 398
1803 6866
1804 1625
1805 8727
1806 4788
1807 6377
1808 2277
1809 4096
1810 9452
1811 6737
1812 8047
1813 2212
1814 5144
1815 4634
1816 5065
1817 7425
1818 3938
1819 3951
1820 6018
1821 7564
1822 1504
1823 1951
1824 8980
1825 4364
1826 9576
1827 2657
1828 8529
1829 1717
1830 2185
1831 2611
1832 3569
1833 1967
1834 9434
1835 5378
1836 1048
1837 7163
1838 5212
1839 2620
1840 9134
1841 6722
1842 5131
1843 4563
1844 6325
1845 141
1846 9901
1847 8337
1848 7440
1849 3216
1850 2340
1851 3422
1852 8226
1853 1991
1854 9024
1855 8541
1856 1874
1857 6141
1858 5028
1859 8138
1860 6847
1861 8390
1862 97
1863 2587
1864 7492
1865 5832
1866 375
1867 1334
1868 2661
1869 5638
1870 2080
1871 5252
1872 6732
1873 7837
1874 6538
1875 6832
1876 6223
1877 4221
1878 5467
1879 8465
1880 1204
1881 3439
1882 9201
1883 9820
1884 160
1885 8698
1886 2682
1887 802
1888 7784
1889 2532
1890 2281
1891 2152
1892 6148
1893 805
1894 8973
1895 7481
1896 9352
1897 9881
1898 7136
1899 944
1900 5859
1901 9554
1902 5683
1903 2578
1904 1935
1905 3834
1906 9891
1907 1841
1908 5920
1909 4140
1910 8264
1911 2436
1912 8671
1913 8582
1914 981
1915 2256
1916 470
1917 821
1918 2983
1919 7219
1920 6434
1921 6
1922 5658
1923 452
1924 4320
1925 3757
1926 3970
1927 8162
1928 2606
1929 4454
1930 3311
1931 1221
1932 1678
1933 269
1934 6199
1935 4129
1936 6823
1937 6395
1938 1306
1939 9575
1940 1274
1941 6476
1942 1774
1943 7578
1944 8105
1945 6199
1946 1570
1947 1044
1948 8199
1949 1377
1950 9189
1951 2476
1952 9254
1953 437
1954 7293
1955 7939
1956 388
1957 9914
1958 5509
1959 1612
1960 1323
1961 9458
1962 7491
1963 1806
1964 7923
1965 8266
1966 2735
1967 9853
1968 6781
1969 9187
1970 5500
1971 380
1972 3773
1973 697
1974 0
1975 3212
1976 8105
1977 5944
1978 3349
1979 5870
1980 7225
1981 1323
1982 6171
1983 4540
1984 6902
1985 4892
1986 3677
1987 4500
1988 783
1989 6333
1990 7441
1991 7994
1992 5098
1993 9255
1994 5468
1995 6556
1996 9567
1997 580
1998 7262
1999 810
2000 6954
2001 6767
2002 873
2003 7991
2004 2889
2005 116
2006 695
2007 923
2008 8627
2009 686
2010 7088
2011 1160
2012 503
2013 4637
2014 2758
2015 815
2016 300
2017 5158
2018 7734
2019 7540
2020 1592
2021 4060
2022 1093
2023 5931
2024 4556
2025 5246
2026 8305
2027 9149
2028 4330
2029 8703
2030 8657
2031 7169
2032 6078
2033 633
2034 4517
2035 8030
2036 2453
2037 3715
2038 9452
2039 2591
2040 5467
2041 7632
2042 1393
2043 8317
2044 7285
2045 1156
2046 9577
2047 8332
2048 5699
2049 3223
2050 178
2051 9982
2052 1846
2053 9809
2054 9426
2055 3326
2056 2152
2057 8544
2058 794
2059 2555
2060 2934
2061 5549
2062 9638
2063 1677
2064 9966
2065 3175
2066 8451
2067 2513
2068 8264
2069 3484
2070 1805
2071 9743
2072 9531
2073 2683
2074 1150
2075 1408
2076 4670
2077 36
2078 529
2079 1652
2080 6281
2081 1942
2082 2188
2083 4426
2084 5641
2085 1519
2086 4152
2087 2946
2088 356
2089 342
2090 5751
2091 5479
2092 9339
2093 5464
2094 2341
2095 2493
2096 9049
2097 1018
2098 341
2099 8350
2100 7303
2101 1417
2102 5046
2103 4580
2104 1190
2105 1083
2106 3481
2107 8897
2108 946
2109 9775
2110 3079
2111 8102
2112 9540
2113 6512
2114 1618
2115 6335
2116 3674
2117 8431
2118 2192
2119 6913
2120 780
2121 7727
2122 7654
2123 7339
2124 9174
2125 3481
2126 5857
2127 931
2128 7945
2129 5168
2130 7242
2131 4873
2132 2582
2133 9514
2134 3764
2135 2717
2136 3362
2137 2023
2138 1941
2139 7216
2140 8656
2141 7819
2142 1692
2143 5747
2144 8278
2145 5129
2146 6338
2147 5129
2148 3314
2149 1444
2150 937
2151 307
2152 2013
2153 6091
2154 4384
2155 7370
2156 4583
2157 3670
2158 3230
2159 578
2160 1430
2161 6234
2162 4931
2163 6171
2164 5554
2165 3884
2166 6689
2167 1688
2168 1492
2169 4939
2170 2529
2171 1429
2172 7045
2173 8587
2174 906
2175 555
2176 8912
2177 8561
2178 2274
2179 3390
2180 7976
2181 1986
2182 6310
2183 4414
2184 7763
2185 3357
2186 8543
2187 3538
2188 2005
2189 956
2190 155
2191 4869
2192 707
2193 6983
2194 2169
2195 5716
2196 1514
2197 12
2198 6160
2199 3242
2200 4220
2201 4187
2202 440
2203 882
2204 3369
2205 9162
2206 1889
2207 5309
2208 7641
2209 5600
2210 1696
2211 3221
2212 8437
2213 5959
2214 2291
2215 2573
2216 3757
2217 4790
2218 1260
2219 5783
2220 1721
2221 3875
2222 3213
2223 7922
2224 52
2225 8467
2226 6835
2227 1028
2228 6481
2229 9765
2230 6343
2231 2053
2232 3218
2233 2000
2234 5339
2235 3250
2236 573
2237 6419
2238 582
2239 2664
2240 3890
2241 5516
2242 849
2243 2899
2244 6727
2245 148
2246 1502
2247 4200
2248 8811
2249 1980
2250 9103
2251 5111
2252 155
2253 1291
2254 3848
2255 8690
2256 1807
2257 1825
2258 5698
2259 2688
2260 8706
2261 2313
2262 4721
2263 649
2264 6533
2265 3081
2266 5837
2267 8655
2268 4592
2269 1566
2270 9861
2271 6684
2272 2837
2273 8266
2274 1513
2275 5144
2276 6545
2277 3194
2278 3476
2279 8265
2280 5547
2281 6227
2282 5577
2283 8083
2284 7595
2285 2120
2286 4043
2287 1768
2288 6344
2289 9867
2290 706
2291 5876
2292 8974
2293 7259
2294 5157
2295 5645
2296 6326
2297 4073
2298 2359
2299 788
2300 2761
2301 1443
2302 8191
2303 6474
2304 1299
2305 1466
2306 8592
2307 9986
2308 2652
2309 4384
2310 6313
2311 686
2312 3727
2313 9167
2314 5687
2315 9678
2316 245
2317 2912
2318 4813
2319 294
2320 4114
2321 471
2322 8117
2323 2668
2324 2080
2325 4852
2326 6164
2327 8976
2328 6775
2329 3178
2330 7966
2331 1957
2332 7300
2333 1781
2334 7719
2335 8989
2336 8916
2337 2135
2338 1685
2339 5220
2340 1077
2341 2201
2342 574
2343 4
2344 5363
2345 9137
2346 9834
2347 7984
2348 6438
2349 8234
2350 317
2351 184
2352 6473
2353 8876
2354 303
2355 633
2356 3061
2357 503
2358 4074
2359 1917
2360 1415
2361 8468
2362 867
2363 9092
2364 3549
2365 9250
2366 3480
2367 6112
2368 7841
2369 6183
2370 2415
2371 5446
2372 2992
2373 960
2374 3478
2375 2771
2376 2519
2377 9099
2378 6398
2379 1221
2380 6824
2381 8287
2382 340
2383 8538
2384 6123
2385 2676
2386 1872
2387 1072
2388 7216
2389 5867
2390 4194
2391 8193
2392 2227
2393 2430
2394 1621
2395 1249
2396 8384
2397 7666
2398 5890
2399 7610
2400 980
2401 487
2402 4326
2403 64
2404 4752
2405 6592
2406 2750
2407 9525
2408 6547
2409 3804
2410 9338
2411 8928
2412 8607
2413 8795
2414 1634
2415 93
2416 262
2417 7493
2418 2697
2419 3962
2420 846
2421 4178
2422 9227
2423 7185
2424 8913
2425 0
2426 8351
2427 627
2428 6405
2429 4344
2430 2382
2431 1274
2432 8955
2433 8218
2434 2529
2435 58
2436 7639
2437 9889
2438 9373
2439 8865
2440 9636
2441 5968
2442 4540
2443 1679
2444 2000
2445 3925
2446 7588
2447 3229
2448 9233
2449 6200
2450 9910
2451 336
2452 5272
2453 883
2454 566
2455 6471
2456 6848
2457 4450
2458 1270
2459 2272
2460 7673
2461 7137
2462 9933
2463 2753
2464 1063
2465 8677
2466 882
2467 5751
2468 2398
2469 737
2470 5022
2471 9585
2472 1756
2473 6110
2474 8273
2475 8498
2476 3762
2477 3203
2478 4741
2479 7132
2480 6639
2481 1843
2482 4879
2483 4414
2484 1447
2485 2442
2486 654
2487 163
2488 6456
2489 801
2490 384
2491 2365
2492 4768
2493 6789
2494 45
2495 8081
2496 6602
2497 8337
2498 1883
2499 5991
2500 4999
2501 2834
2502 407
2503 2687
2504 4872
2505 2979
2506 7340
2507 701
2508 1095
2509 1943
2510 8148
2511 1021
2512 8396
2513 2529
2514 263
2515 4565
2516 1055
2517 6035
2518 2536
2519 9814
2520 8213
2521 4486
2522 2059
2523 9696
2524 7245
2525 583
2526 5557
2527 5769
2528 8659
2529 9350
2530 1895
2531 3642
2532 1031
2533 7800
2534 730
2535 4921
2536 5626
2537 2375
2538 1841
2539 455
2540 1716
2541 6736
2542 9406
2543 1913
2544 4171
2545 2529
2546 7934
2547 284
2548 652
2549 1558
2550 7096
2551 1552
2552 1567
2553 9744
2554 2576
2555 133
2556 2825
2557 7065
2558 7893
2559 7294
2560 8375
2561 1219
2562 5344
2563 5326
2564 4563
2565 724
2566 2815
2567 7945
2568 2584
2569 5895
2570 2729
2571 9716
2572 9833
2573 3937
2574 3901
2575 5329
2576 7255
2577 8115
2578 8863
2579 2798
2580 6244
2581 3687
2582 2261
2583 5567
2584 7328
2585 2197
2586 1622
2587 2280
2588 2413
2589 9317
2590 9180
2591 7719
2592 8905
2593 6444
2594 130
2595 6711
2596 2311
2597 5780
2598 2869
2599 7832
2600 4272
2601 6020
2602 7851
2603 4413
2604 601
2605 8503
2606 1321
2607 3410
2608 3444
2609 8933
2610 6933
2611 5407
2612 541
2613 3280
2614 669
2615 6681
2616 8845
2617 8668
2618 9774
2619 6985
2620 6920
2621 1013
2622 301
2623 2773
2624 5999
2625 2448
2626 3772
2627 5729
2628 3692
2629 6980
2630 6569
2631 153
2632 6855
2633 9294
2634 3475
2635 3086
2636 4830
2637 5827
2638 1469
2639 1541
2640 2755
2641 808
2642 5157
2643 7615
2644 7209
2645 8809
2646 640
2647 4540
2648 1782
2649 9598
2650 3185
2651 5206
2652 8367
2653 9562
2654 6084
2655 9230
2656 2220
2657 9289
2658 3785
2659 3860
2660 3137
2661 7338
2662 2155
2663 8050
2664 603
2665 1942
2666 2024
2667 7065
2668 4481
2669 6255
2670 1929
2671 369
2672 1142
2673 8322
2674 7753
2675 4221
2676 7437
2677 9925
2678 2318
2679 8581
2680 135
2681 9137
2682 895
2683 2751
2684 646
2685 8697
2686 1255
2687 6865
2688 212
2689 7799
2690 5698
2691 2463
2692 2592
2693 2308
2694 1340
2695 2198
2696 7404
2697 6889
2698 825
2699 102
2700 5427
2701 2240
2702 3024
2703 7411
2704 6880
2705 6738
2706 3065
2707 1963
2708 2772
2709 3666
2710 5223
2711 7824
2712 5319
2713 8870
2714 912
2715 1179
2716 1399
2717 3172
2718 1078
2719 961
2720 552
2721 1861
2722 4792
2723 8947
2724 344
2725 2734
2726 3561
2727 537
2728 1480
2729 5877
2730 2622
2731 8520
2732 9223
2733 6431
2734 7672
2735 541
2736 9102
2737 467
2738 7999
2739 1189
2740 8648
2741 3077
2742 319
2743 5254
2744 9429
2745 7921
2746 7734
2747 3140
2748 2396
2749 3904
2750 5454
2751 5995
2752 4324
2753 9
2754 6284
2755 3027
2756 2152
2757 5646
2758 1686
2759 9009
2760 1729
2761 5862
2762 3063
2763 9809
2764 9582
2765 3439
2766 6315
2767 2821
2768 3904
2769 1754
2770 1820
2771 7209
2772 9086
2773 798
2774 9861
2775 1882
2776 7982
2777 6580
2778 810
2779 1157
2780 9586
2781 3709
2782 9551
2783 3550
2784 5887
2785 5506
2786 1303
2787 1416
2788 7993
2789 4113
2790 4390
2791 9477
2792 5661
2793 1257
2794 3598
2795 8533
2796 987
2797 7668
2798 1829
2799 7200
2800 3319
2801 570
2802 4180
2803 6504
2804 2757
2805 7485
2806 4165
2807 4587
2808 3775
2809 9597
2810 44
2811 3331
2812 6082
2813 8505
2814 5118
2815 2915
2816 934
2817 7030
2818 9515
2819 802
2820 4139
2821 7581
2822 1866
2823 2505
2824 1864
2825 3731
2826 4682
2827 5832
2828 1380
2829 2468
2830 1760
2831 9319
2832 6861
2833 4879
2834 2806
2835 6526
2836 94
2837 5922
2838 6359
2839 1207
2840 9373
2841 2212
2842 5747
2843 2002
2844 3054
2845 6615
2846 711
2847 3749
2848 5895
2849 3091
2850 9126
2851 413
2852 5937
2853 341
2854 1159
2855 1597
2856 3691
2857 464
2858 2539
2859 4743
2860 2291
2861 5573
2862 2881
2863 9167
2864 7308
2865 2023
2866 598
2867 9118
2868 885
2869 9142
2870 9980
2871 4677
2872 7983
2873 7702
2874 7643
2875 668
2876 7004
2877 923
2878 5878
2879 9704
2880 1592
2881 7075
2882 2832
2883 2529
2884 983
2885 2181
2886 1064
2887 1001
2888 8369
2889 2429
2890 6838
2891 1929
2892 1793
2893 5017
2894 8599
2895 1481
2896 7548
2897 4769
2898 5832
2899 6825
2900 8827
2901 6488
2902 1563
2903 8626
2904 4213
2905 8784
2906 5641
2907 2895
2908 1144
2909 6461
2910 6621
2911 1190
2912 2190
2913 2831
2914 9191
2915 5733
2916 3029
2917 8341
2918 2645
2919 611
2920 359
2921 1747
2922 5088
2923 8428
2924 1982
2925 1444
2926 1911
2927 8823
2928 8482
2929 2776
2930 3864
2931 6879
2932 6564
2933 8967
2934 7522
2935 8418
2936 6931
2937 6366
2938 8294
2939 198
2940 6092
2941 5277
2942 7796
2943 8970
2944 937
2945 361
2946 375
2947 8991
2948 9081
2949 7606
2950 5559
2951 5723
2952 8522
2953 7708
2954 9796
2955 3002
2956 9872
2957 6272
2958 3372
2959 7433
2960 4495
2961 5524
2962 1108
2963 9529
2964 4168
2965 4795
2966 611
2967 712
2968 1861
2969 7547
2970 4879
2971 9719
2972 3454
2973 1283
2974 3114
2975 636
2976 2677
2977 2244
2978 8376
2979 9988
2980 3203
2981 2835
2982 2299
2983 2695
2984 185
2985 7808
2986 5343
2987 3609
2988 6948
2989 4917
2990 1576
2991 2118
2992 236
2993 9281
2994 470
2995 6581
2996 3942
2997 9461
2998 5441
2999 1488
3000 8582
3001 7412
3002 3602
3003 4375
3004 2420
3005 3742
3006 7281
3007 2529
3008 6140
3009 1508
3010 766
3011 5453
3012 1737
3013 7198
3014 1307
3015 8264
3016 7829
3017 2215
3018 6272
3019 9462
3020 7912
3021 6616
3022 692
3023 7941
3024 4732
3025 7960
3026 9035
3027 9331
3028 9817
3029 4874
3030 1776
3031 6112
3032 5068
3033 8843
3034 9464
3035 3804
3036 1463
3037 6375
3038 6828
3039 1083
3040 5556
3041 9787
3042 4091
3043 9887
3044 1229
3045 2317
3046 957
3047 378
3048 1642
3049 2406
3050 8360
3051 3139
3052 3063
3053 6421
3054 5818
3055 9585
3056 1845
3057 892
3058 4721
3059 5006
3060 865
3061 4379
3062 8330
3063 2096
3064 8412
3065 1004
3066 6963
3067 4742
3068 4234
3069 8445
3070 7718
3071 8461
3072 9002
3073 688
3074 575
3075 2630
3076 8737
3077 1058
3078 4095
3079 924
3080 6390
3081 2721
3082 7845
3083 4071
3084 3382
3085 2942
3086 3431
3087 275
3088 6452
3089 8758
3090 6791
3091 8148
3092 157
3093 5096
3094 2512
3095 5363
3096 3564
3097 5206
3098 1599
3099 2721
3100 8646
3101 1473
3102 2720
3103 9836
3104 462
3105 9912
3106 2019
3107 1903
3108 1596
3109 853
3110 7402
3111 2719
3112 2108
3113 29
3114 3415
3115 8012
3116 23
3117 5074
3118 7721
3119 4504
3120 9735
3121 1082
3122 8278
3123 598
3124 5761
3125 6467
3126 3282
3127 8820
3128 7195
3129 2224
3130 3796
3131 6530
3132 997
3133 2744
3134 9540
3135 625
3136 1449
3137 3605
3138 3209
3139 187
3140 3978
3141 8544
3142 5102
3143 2215
3144 4559
3145 359
3146 2120
3147 3282
3148 1292
3149 8252
3150 902
3151 2410
3152 107
3153 1150
3154 1503
3155 185
3156 124
3157 1421
3158 6269
3159 2360
3160 799
3161 671
3162 9291
3163 9129
3164 1447
3165 2032
3166 8760
3167 5369
3168 8799
3169 9943
3170 9604
3171 5210
3172 3156
3173 5307
3174 4689
3175 5973
3176 5297
3177 5742
3178 9003
3179 6107
3180 1633
3181 1471
3182 6713
3183 8889
3184 1805
3185 1775
3186 6965
3187 2005
3188 2120
3189 1491
3190 4485
3191 4795
3192 749
3193 7398
3194 7982
3195 4508
3196 173
3197 342
3198 5154
3199 8271
3200 7727
3201 4065
3202 5865
3203 1111
3204 4782
3205 8007
3206 7168
3207 9494
3208 4092
3209 4820
3210 1846
3211 8724
3212 6160
3213 9196
3214 9201
3215 1473
3216 4327
3217 2596
3218 6115
3219 1662
3220 5031
3221 4672
3222 5665
3223 3718
3224 585
3225 604
3226 328
3227 4733
3228 3346
3229 4717
3230 7963
3231 1040
3232 2326
3233 2013
3234 213
3235 3434
3236 3520
3237 1276
3238 3751
3239 2517
3240 1001
3241 2894
3242 2439
3243 8514
3244 1528
3245 5189
3246 6240
3247 8338
3248 5554
3249 2591
3250 6802
3251 6300
3252 8958
3253 7294
3254 9037
3255 3523
3256 5226
3257 1648
3258 9875
3259 5731
3260 4383
3261 5637
3262 7568
3263 8100
3264 8201
3265 6259
3266 3049
3267 806
3268 258
3269 9732
3270 3409
3271 4145
3272 7298
3273 9120
3274 6984
3275 4942
3276 7875
3277 3753
3278 7329
3279 6325
3280 9011
3281 7633
3282 1754
3283 1645
3284 1184
3285 6453
3286 861
3287 3856
3288 1985
3289 8145
3290 953
3291 7652
3292 4080
3293 1541
3294 693
3295 2333
3296 2968
3297 2457
3298 2510
3299 7426
3300 2818
3301 2170
3302 6753
3303 1863
3304 1496
3305 1679
3306 9632
3307 880
3308 1604
3309 3358
3310 875
3311 2782
3312 4866
3313 373
3314 3895
3315 5953
3316 2726
3317 4803
3318 4646
3319 5317
3320 8991
3321 403
3322 6447
3323 7499
3324 2602
3325 8001
3326 7142
3327 948
3328 4531
3329 4117
3330 3868
3331 2220
3332 4265
3333 768
3334 6590
3335 8826
3336 7449
3337 3377
3338 3786
3339 5770
3340 11
3341 5380
3342 940
3343 6067
3344 5447
3345 3662
3346 2212
3347 4083
3348 8038
3349 1442
3350 7751
3351 1760
3352 2507
3353 2160
3354 1963
3355 310
3356 3437
3357 6596
3358 9902
3359 745
3360 9558
3361 5826
3362 1967
3363 5548
3364 2775
3365 1346
3366 1147
3367 5848
3368 5373
3369 6446
3370 8477
3371 3814
3372 5015
3373 9161
3374 1985
3375 3905
3376 8675
3377 3029
3378 9947
3379 8165
3380 5529
3381 298
3382 464
3383 1925
3384 3563
3385 4172
3386 3895
3387 5588
3388 2313
3389 641
3390 4862
3391 8805
3392 580
3393 8637
3394 1140
3395 1254
3396 4176
3397 3290
3398 2424
3399 4491
3400 6526
3401 1260
3402 391
3403 1108
3404 2160
3405 7052
3406 9103
3407 5431
3408 3221
3409 3076
3410 4756
3411 1304
3412 2900
3413 963
3414 6072
3415 6062
3416 2004
3417 2501
3418 6785
3419 5093
3420 6332
3421 6660
3422 695
3423 1169
3424 1319
3425 9127
3426 9117
3427 26
3428 1492
3429 1668
3430 672
3431 1162
3432 1451
3433 9890
3434 4079
3435 520
3436 5954
3437 9010
3438 3326
3439 2407
3440 3735
3441 5680
3442 4837
3443 5353
3444 765
3445 2762
3446 6234
3447 9688
3448 1221
3449 683
3450 8663
3451 5044
3452 3874
3453 6805
3454 2094
3455 6571
3456 1364
3457 2156
3458 8285
3459 2578
3460 2881
3461 9532
3462 534
3463 2323
3464 8046
3465 6015
3466 3592
3467 6003
3468 3614
3469 2240
3470 1889
3471 7877
3472 4213
3473 1597
3474 8434
3475 1414
3476 1901
3477 807
3478 4187
3479 4168
3480 7217
3481 1847
3482 1059
3483 2209
3484 3427
3485 3079
3486 1433
3487 8511
3488 3396
3489 1793
3490 281
3491 8741
3492 2056
3493 5396
3494 6051
3495 684
3496 7222
3497 8523
3498 9002
3499 3263
3500 3891
3501 1956
3502 8714
3503 5
3504 2853
3505 3901
3506 8859
3507 4726
3508 5076
3509 6550
3510 526
3511 5366
3512 2337
3513 8263
3514 2443
3515 8891
3516 1888
3517 3966
3518 79
3519 1416
3520 6021
3521 9770
3522 9885
3523 7776
3524 9920
3525 2863
3526 9466
3527 3514
3528 1646
3529 7888
3530 1030
3531 9994
3532 2636
3533 4225
3534 1987
3535 6948
3536 4289
3537 49
3538 5216
3539 2113
3540 4410
3541 1656
3542 4250
3543 224
3544 3912
3545 9728
3546 9978
3547 2445
3548 2445
3549 7909
3550 2005
3551 1230
3552 5821
3553 92
3554 7946
3555 2651
3556 5914
3557 3043
3558 4584
3559 6729
3560 6235
3561 5639
3562 30
3563 1911
3564 7471
3565 2595
3566 1103
3567 6888
3568 7926
3569 7474
3570 2989
3571 9290
3572 3740
3573 3135
3574 6793
3575 2322
3576 6449
3577 1356
3578 5555
3579 4624
3580 8709
3581 6356
3582 4508
3583 1672
3584 4784
3585 1679
3586 6122
3587 895
3588 3016
3589 3027
3590 4913
3591 2165
3592 1612
3593 1859
3594 2901
3595 7043
3596 9567
3597 6295
3598 8050
3599 1445
3600 5719
3601 9838
3602 9931
3603 1283
3604 3311
3605 4702
3606 3868
3607 3589
3608 2830
3609 1859
3610 7123
3611 7282
3612 2900
3613 401
3614 2988
3615 6845
3616 3652
3617 9392
3618 1841
3619 259
3620 9454
3621 5057
3622 9015
3623 7015
3624 1741
3625 2195
3626 7992
3627 7765
3628 6376
3629 5295
3630 8533
3631 4505
3632 4595
3633 2453
3634 8465
3635 4642
3636 712
3637 2327
3638 1060
3639 3945
3640 5126
3641 6510
3642 5705
3643 8496
3644 6545
3645 2346
3646 6100
3647 8035
3648 4693
3649 1113
3650 7339
3651 2622
3652 6748
3653 2000
3654 5986
3655 774
3656 5193
3657 6345
3658 4443
3659 268
3660 8568
3661 9015
3662 4840
3663 3093
3664 2396
3665 7496
3666 5526
3667 1847
3668 7503
3669 2275
3670 338
3671 6202
3672 7223
3673 7682
3674 350
3675 8084
3676 1700
3677 6090
3678 5604
3679 1356
3680 129
3681 1906
3682 4191
3683 7130
3684 3396
3685 6270
3686 9575
3687 9263
3688 9652
3689 5241
3690 5993
3691 8256
3692 2392
3693 3213
3694 9114
3695 920
3696 1013
3697 2129
3698 6578
3699 5182
3700 7857
3701 5336
3702 3216
3703 327
3704 3311
3705 8535
3706 6058
3707 3870
3708 8474
3709 5119
3710 2211
3711 1155
3712 2742
3713 3113
3714 5949
3715 9232
3716 2039
3717 8915
3718 2978
3719 7233
3720 7723
3721 1153
3722 6702
3723 760
3724 2060
3725 7272
3726 5687
3727 5786
3728 5788
3729 1960
3730 5663
3731 466
3732 307
3733 4720
3734 2280
3735 8013
3736 3387
3737 7676
3738 9281
3739 4403
3740 661
3741 8879
3742 9471
3743 107
3744 362
3745 1769
3746 9776
3747 5113
3748 3102
3749 7083
3750 3932
3751 9671
3752 2362
3753 1080
3754 1726
3755 3921
3756 9982
3757 7940
3758 2074
3759 3716
3760 8180
3761 677
3762 6788
3763 4754
3764 8962
3765 3280
3766 3333
3767 5500
3768 8368
3769 232
3770 8469
3771 1219
3772 4338
3773 1203
3774 8277
3775 8030
3776 9504
3777 9327
3778 4713
3779 174
3780 6225
3781 681
3782 8699
3783 2808
3784 5564
3785 7088
3786 360
3787 6085
3788 5377
3789 428
3790 5302
3791 9648
3792 2708
3793 7558
3794 6026
3795 9387
3796 1942
3797 6158
3798 7571
3799 1246
3800 5293
3801 1242
3802 822
3803 4233
3804 5415
3805 7855
3806 6303
3807 4370
3808 9338
3809 1208
3810 6614
3811 3635
3812 2021
3813 2095
3814 9773
3815 5235
3816 5168
3817 3912
3818 323
3819 7470
3820 539
3821 5345
3822 2519
3823 2480
3824 1435
3825 8818
3826 1225
3827 2454
3828 1449
3829 622
3830 1843
3831 4126
3832 4222
3833 3859
3834 2407
3835 1757
3836 7820
3837 1037
3838 9203
3839 4738
3840 9776
3841 2898
3842 3784
3843 1793
3844 6405
3845 7062
3846 9300
3847 6176
3848 6523
3849 9515
3850 2704
3851 7484
3852 5326
3853 3637
3854 7427
3855 7932
3856 8002
3857 209
3858 6358
3859 6375
3860 9633
3861 9496
3862 3749
3863 5052
3864 9954
3865 9440
3866 1077
3867 200
3868 2651
3869 5330
3870 6118
3871 1789
3872 3060
3873 2993
3874 8202
3875 1454
3876 8086
3877 1394
3878 9325
3879 8496
3880 831
3881 1001
3882 460
3883 6511
3884 8582
3885 6512
3886 7820
3887 643
3888 9205
3889 774
3890 6541
3891 9922
3892 1674
3893 173
3894 3327
3895 2228
3896 1026
3897 1871
3898 1033
3899 8706
3900 7071
3901 144
3902 5848
3903 8942
3904 2676
3905 7983
3906 1677
3907 7147
3908 7955
3909 1419
3910 9262
3911 9004
3912 2871
3913 569
3914 6120
3915 5764
3916 9718
3917 561
3918 4112
3919 6710
3920 6104
3921 8711
3922 8820
3923 3055
3924 6428
3925 4392
3926 1662
3927 3169
3928 4005
3929 6462
3930 9162
3931 9835
3932 7312
3933 4396
3934 6314
3935 5258
3936 1242
3937 4936
3938 7349
3939 700
3940 2874
3941 4682
3942 8788
3943 4299
3944 6586
3945 3132
3946 8946
3947 191
3948 2468
3949 6837
3950 5029
3951 7984
3952 4494
3953 8120
3954 4746
3955 9078
3956 484
3957 4280
3958 4160
3959 6444
3960 7244
3961 4379
3962 2461
3963 5893
3964 5164
3965 8917
3966 889
3967 4565
3968 274
3969 3454
3970 1207
3971 9548
3972 1028
3973 5556
3974 6794
3975 8946
3976 3981
3977 4516
3978 2744
3979 1002
3980 8333
3981 5487
3982 3391
3983 1597
3984 1107
3985 8378
3986 5275
3987 2697
3988 8591
3989 6693
3990 4092
3991 876
3992 2067
3993 1022
3994 1938
3995 3661
3996 7240
3997 1659
3998 6593
3999 8477
4000 6528
4001 7387
4002 2628
4003 7215
4004 7805
4005 1740
4006 917
4007 6143
4008 3787
4009 9113
4010 1246
4011 6145
4012 2208
4013 9966
4014 5727
4015 1777
4016 1343
4017 8285
4018 1889
4019 6399
4020 4141
4021 6998
4022 3259
4023 5839
4024 9882
4025 5897
4026 7749
4027 8048
4028 9021
4029 9443
4030 248
4031 4895
4032 3773
4033 7704
4034 4428
4035 5901
4036 4285
4037 3217
4038 3207
4039 2087
4040 6668
4041 680
4042 8097
4043 4846
4044 1351
4045 1264
4046 3103
4047 5740
4048 4716
4049 6171
4050 9668
4051 6382
4052 39
4053 8754
4054 6537
4055 4050
4056 1671
4057 978
4058 9619
4059 4109
4060 6128
4061 6454
4062 5766
4063 3340
4064 2340
4065 8503
4066 2738
4067 2436
4068 3762
4069 1261
4070 6919
4071 9407
4072 1554
4073 1626
4074 2443
4075 5952
4076 7669
4077 1786
4078 3774
4079 6153
4080 9595
4081 1694
4082 5976
4083 1048
4084 2212
4085 3290
4086 4451
4087 4599
4088 3409
4089 4558
4090 268
4091 2398
4092 9136
4093 6470
4094 7549
4095 8598
4096 449
4097 6061
4098 9536
4099 3397
4100 8136
4101 8754
4102 8481
4103 2113
4104 5186
4105 1946
4106 9740
4107 289
4108 8276
4109 7532
4110 108
4111 8474
4112 5944
4113 6931
4114 2617
4115 1281
4116 9851
4117 8596
4118 8719
4119 4615
4120 4235
4121 1389
4122 599
4123 5629
4124 2966
4125 9175
4126 2538
4127 9868
4128 4012
4129 4060
4130 1799
4131 1604
4132 5616
4133 30
4134 4226
4135 3416
4136 6192
4137 7379
4138 1878
4139 3714
4140 2025
4141 5834
4142 6861
4143 7082
4144 4469
4145 8665
4146 9658
4147 5579
4148 1421
4149 9764
4150 7558
4151 7460
4152 2025
4153 5237
4154 3701
4155 2710
4156 9408
4157 9243
4158 7649
4159 809
4160 8395
4161 3026
4162 994
4163 2841
4164 6226
4165 9696
4166 1301
4167 814
4168 5469
4169 3793
4170 7135
4171 9742
4172 9160
4173 9964
4174 1661
4175 7590
4176 1161
4177 9555
4178 7428
4179 2177
4180 4583
4181 2574
4182 7954
4183 7935
4184 7823
4185 1136
4186 4528
4187 462
4188 1145
4189 31
4190 4973
4191 2200
4192 4987
4193 2564
4194 8050
4195 7348
4196 9407
4197 1026
4198 8369
4199 2528
4200 6845
4201 6579
4202 5546
4203 5119
4204 1560
4205 8616
4206 8519
4207 2941
4208 4102
4209 1909
4210 7763
4211 8408
4212 1265
4213 5581
4214 8950
4215 3070
4216 201
4217 7532
4218 4867
4219 1453
4220 734
4221 2089
4222 6054
4223 1853
4224 2344
4225 8626
4226 3713
4227 2870
4228 5712
4229 7951
4230 7701
4231 7618
4232 6977
4233 2599
4234 8777
4235 2805
4236 9686
4237 1122
4238 5747
4239 2176
4240 2214
4241 4299
4242 4966
4243 5300
4244 2117
4245 2425
4246 6843
4247 8930
4248 8567
4249 1226
4250 71
4251 7952
4252 4254
4253 3438
4254 1779
4255 3032
4256 7401
4257 2327
4258 5873
4259 1679
4260 8919
4261 811
4262 4563
4263 7481
4264 3698
4265 814
4266 5937
4267 8259
4268 6357
4269 2320
4270 6287
4271 3137
4272 8277
4273 2403
4274 2454
4275 1800
4276 7397
4277 7718
4278 2849
4279 654
4280 3010
4281 4422
4282 3220
4283 5895
4284 8380
4285 2239
4286 1645
4287 853
4288 2051
4289 1728
4290 1611
4291 1959
4292 2202
4293 8456
4294 2212
4295 5074
4296 5538
4297 9361
4298 7588
4299 3473
4300 112
4301 7162
4302 3639
4303 5352
4304 8121
4305 930
4306 3299
4307 8003
4308 361
4309 7911
4310 4596
4311 610
4312 8693
4313 1942
4314 7042
4315 4408
4316 8406
4317 7584
4318 4984
4319 2080
4320 1987
4321 9329
4322 3052
4323 8162
4324 348
4325 2531
4326 4634
4327 2671
4328 8627
4329 6784
4330 275
4331 3142
4332 2370
4333 5207
4334 9762
4335 1484
4336 7208
4337 7026
4338 2383
4339 1833
4340 4685
4341 3577
4342 2191
4343 5346
4344 3058
4345 8
4346 7709
4347 4031
4348 7847
4349 7784
4350 5702
4351 4579
4352 5369
4353 673
4354 285
4355 1549
4356 3245
4357 701
4358 2257
4359 6440
4360 6117
4361 6685
4362 9683
4363 5381
4364 9063
4365 6974
4366 5598
4367 2529
4368 4772
4369 3105
4370 2882
4371 4472
4372 118
4373 504
4374 6139
4375 7493
4376 7996
4377 4922
4378 7191
4379 6854
4380 9871
4381 6008
4382 1784
4383 7673
4384 2242
4385 2245
4386 3205
4387 5661
4388 2084
4389 214
4390 1004
4391 2703
4392 5751
4393 1181
4394 2648
4395 1220
4396 2924
4397 8615
4398 4280
4399 8613
4400 191
4401 2102
4402 8520
4403 4828
4404 5235
4405 9967
4406 6943
4407 5901
4408 8938
4409 1012
4410 1913
4411 6307
4412 2857
4413 5493
4414 6170
4415 2212
4416 508
4417 8593
4418 8488
4419 5222
4420 5896
4421 6398
4422 6035
4423 4752
4424 3198
4425 3628
4426 1183
4427 7264
4428 4587
4429 5583
4430 2065
4431 7858
4432 5509
4433 3433
4434 9579
4435 3623
4436 10
4437 5902
4438 5719
4439 706
4440 613
4441 1816
4442 9532
4443 9104
4444 3113
4445 7690
4446 9561
4447 5634
4448 1567
4449 1561
4450 1305
4451 369
4452 5011
4453 1058
4454 8638
4455 8809
4456 7684
4457 9572
4458 6286
4459 4183
4460 6371
4461 7089
4462 9084
4463 597
4464 671
4465 2513
4466 1627
4467 1817
4468 8939
4469 7060
4470 4871
4471 2118
4472 1048
4473 3900
4474 2655
4475 5871
4476 200
4477 3005
4478 98
4479 1619
4480 6837
4481 3383
4482 8544
4483 7370
4484 394
4485 6542
4486 8648
4487 1849
4488 2629
4489 4536
4490 6168
4491 920
4492 9744
4493 8043
4494 871
4495 215
4496 3797
4497 1546
4498 6724
4499 4
4500 3909
4501 7372
4502 7396
4503 1683
4504 6814
4505 8114
4506 4778
4507 2982
4508 6530
4509 4979
4510 7319
4511 1476
4512 210
4513 8104
4514 2403
4515 2642
4516 5156
4517 1142
4518 3025
4519 289
4520 4449
4521 5555
4522 309
4523 97
4524 4893
4525 7719
4526 2846
4527 2958
4528 3636
4529 4931
4530 271
4531 4
4532 5411
4533 1292
4534 1166
4535 658
4536 5368
4537 7696
4538 1760
4539 1636
4540 3293
4541 6811
4542 4151
4543 2195
4544 5832
4545 1800
4546 7878
4547 1393
4548 2993
4549 7377
4550 6307
4551 5219
4552 8516
4553 2202
4554 8428
4555 9607
4556 1254
4557 3511
4558 9557
4559 4786
4560 7742
4561 758
4562 3484
4563 9661
4564 9282
4565 3671
4566 7620
4567 9757
4568 1909
4569 1611
4570 3598
4571 9616
4572 4852
4573 7137
4574 4450
4575 1951
4576 1374
4577 7003
4578 5017
4579 6223
4580 8275
4581 4245
4582 4428
4583 8760
4584 3729
4585 2765
4586 6796
4587 7390
4588 3686
4589 5161
4590 211
4591 3552
4592 2679
4593 6234
4594 2264
4595 7123
4596 5341
4597 1496
4598 5168
4599 2533
4600 8878
4601 4272
4602 3639
4603 2019
4604 5043
4605 5020
4606 4923
4607 9852
4608 9788
4609 267
4610 3614
4611 4150
4612 4157
4613 6442
4614 6670
4615 6750
4616 8361
4617 177
4618 6081
4619 3968
4620 167
4621 6752
4622 8359
4623 6000
4624 2832
4625 687
4626 4046
4627 1330
4628 6377
4629 1854
4630 9234
4631 8963
4632 2121
4633 9212
4634 8541
4635 3014
4636 5834
4637 4072
4638 8303
4639 1774
4640 7355
4641 3810
4642 7962
4643 207
4644 9095
4645 2223
4646 4970
4647 896
4648 4924
4649 184
4650 2205
4651 5219
4652 4995
4653 5797
4654 559
4655 7217
4656 4545
4657 5505
4658 1591
4659 8145
4660 9941
4661 2121
4662 9000
4663 3998
4664 1889
4665 5005
4666 9829
4667 7562
4668 1869
4669 1247
4670 2189
4671 8718
4672 6053
4673 1486
4674 5200
4675 2231
4676 1400
4677 4524
4678 22
4679 5861
4680 2462
4681 3110
4682 9722
4683 8351
4684 8876
4685 2161
4686 6037
4687 2884
4688 2859
4689 6063
4690 6516
4691 7341
4692 1275
4693 5072
4694 6318
4695 6467
4696 7854
4697 288
4698 542
4699 6888
4700 1040
4701 6063
4702 7768
4703 8163
4704 7683
4705 2273
4706 2166
4707 436
4708 1784
4709 7139
4710 3582
4711 3170
4712 7925
4713 3935
4714 2454
4715 5285
4716 4558
4717 5968
4718 5598
4719 254
4720 6978
4721 8747
4722 2531
4723 4679
4724 6483
4725 6865
4726 7955
4727 6809
4728 5046
4729 2801
4730 2423
4731 9392
4732 7306
4733 1070
4734 1999
4735 748
4736 6398
4737 4335
4738 3456
4739 671
4740 9642
4741 7447
4742 9314
4743 8552
4744 2650
4745 1694
4746 5123
4747 884
4748 9939
4749 7645
4750 5991
4751 9234
4752 2995
4753 9027
4754 4993
4755 2917
4756 1012
4757 4268
4758 3353
4759 2465
4760 6176
4761 4647
4762 4995
4763 9599
4764 71
4765 2978
4766 4868
4767 5857
4768 5467
4769 5683
4770 2383
4771 6530
4772 2184
4773 6928
4774 5687
4775 641
4776 3772
4777 9542
4778 8298
4779 111
4780 5717
4781 3616
4782 7160
4783 3120
4784 4769
4785 8102
4786 3148
4787 2640
4788 8089
4789 9211
4790 1714
4791 8221
4792 8833
4793 8107
4794 2424
4795 9048
4796 6617
4797 4166
4798 2211
4799 5776
4800 2052
4801 6685
4802 5221
4803 752
4804 50
4805 2664
4806 2316
4807 7654
4808 7804
4809 4644
4810 4941
4811 835
4812 9021
4813 8313
4814 2816
4815 3255
4816 6488
4817 1545
4818 2182
4819 1270
4820 392
4821 4449
4822 3487
4823 1002
4824 8260
4825 1747
4826 7476
4827 281
4828 5215
4829 3919
4830 9462
4831 6220
4832 6964
4833 3635
4834 8881
4835 9197
4836 8654
4837 6264
4838 2050
4839 2218
4840 5894
4841 4966
4842 604
4843 2226
4844 4860
4845 2246
4846 3478
4847 7341
4848 7354
4849 7785
4850 732
4851 6145
4852 7944
4853 1531
4854 7008
4855 5282
4856 8682
4857 5916
4858 4665
4859 1596
4860 3488
4861 6730
4862 4869
4863 6324
4864 5860
4865 9186
4866 7305
4867 5448
4868 1225
4869 9013
4870 6183
4871 638
4872 1509
4873 6450
4874 1394
4875 8414
4876 7260
4877 3431
4878 3895
4879 1484
4880 8028
4881 7456
4882 7106
4883 5473
4884 3279
4885 1847
4886 5855
4887 8959
4888 9907
4889 4703
4890 956
4891 2047
4892 9724
4893 1599
4894 2611
4895 8659
4896 8317
4897 1020
4898 7519
4899 832
4900 9600
4901 3660
4902 4401
4903 9504
4904 3943
4905 4549
4906 5616
4907 4641
4908 4011
4909 9888
4910 9660
4911 5338
4912 5948
4913 8321
4914 8711
4915 9438
4916 1874
4917 3469
4918 3047
4919 2795
4920 7415
4921 9459
4922 7513
4923 4332
4924 2772
4925 7541
4926 8900
4927 5764
4928 5201
4929 9586
4930 3037
4931 1199
4932 6545
4933 6273
4934 2005
4935 8007
4936 7776
4937 3861
4938 105
4939 7457
4940 8625
4941 6547
4942 5112
4943 7823
4944 4120
4945 4462
4946 1937
4947 5946
4948 2183
4949 1790
4950 4480
4951 1677
4952 1586
4953 6999
4954 830
4955 7801
4956 2986
4957 7028
4958 2007
4959 6054
4960 2228
4961 3987
4962 623
4963 3882
4964 7238
4965 6764
4966 2259
4967 801
4968 1413
4969 9141
4970 1913
4971 5702
4972 3050
4973 8659
4974 8147
4975 4154
4976 8623
4977 8045
4978 2238
4979 8091
4980 8156
4981 6643
4982 1704
4983 4333
4984 7035
4985 5185
4986 6304
4987 2467
4988 7844
4989 1839
4990 6864
4991 4916
4992 2007
4993 1838
4994 8650
4995 2645
4996 6941
4997 6747
4998 7131
4999 7866
5000 8406
5001 6366
5002 9077
5003 1167
5004 1116
5005 4712
5006 4994
5007 6986
5008 2307
5009 3674
5010 2148
5011 2652
5012 112
5013 813
5014 4763
5015 2511
5016 6047
5017 1895
5018 40
5019 297
5020 2523
5021 2214
5022 453
5023 3296
5024 5841
5025 4592
5026 3833
5027 5932
5028 8167
5029 8758
5030 3202
5031 2211
5032 7221
5033 2750
5034 31
5035 3456
5036 2125
5037 9053
5038 287
5039 156
5040 8521
5041 1541
5042 5189
5043 184
5044 3281
5045 1082
5046 1072
5047 3697
5048 7389
5049 8075
5050 7319
5051 1919
5052 1949
5053 5766
5054 1003
5055 4204
5056 7957
5057 6249
5058 9695
5059 3953
5060 643
5061 6032
5062 8813
5063 1142
5064 9143
5065 9472
5066 4149
5067 1994
5068 9869
5069 8659
5070 7909
5071 1641
5072 387
5073 2089
5074 9236
5075 6078
5076 288
5077 1148
5078 6132
5079 9241
5080 3964
5081 2735
5082 1347
5083 4517
5084 3119
5085 2495
5086 5358
5087 5902
5088 3730
5089 2541
5090 1803
5091 9590
5092 7003
5093 5345
5094 193
5095 409
5096 899
5097 8455
5098 2213
5099 6158
5100 1301
5101 8004
5102 7267
5103 1382
5104 5613
5105 8910
5106 7522
5107 9915
5108 183
5109 6463
5110 8832
5111 46
5112 3249
5113 6963
5114 7533
5115 6534
5116 2800
5117 772
5118 1137
5119 4320
5120 2888
5121 812
5122 4846
5123 2467
5124 6944
5125 9091
5126 3689
5127 8377
5128 5187
5129 1616
5130 2935
5131 9074
5132 2639
5133 7501
5134 369
5135 5917
5136 1982
5137 4011
5138 2274
5139 6422
5140 5901
5141 3122
5142 8242
5143 4870
5144 5936
5145 6228
5146 3810
5147 4136
5148 7207
5149 7693
5150 3165
5151 4534
5152 3538
5153 2009
5154 4384
5155 326
5156 5958
5157 7887
5158 3477
5159 4066
5160 1188
5161 9981
5162 1309
5163 618
5164 3422
5165 3901
5166 2313
5167 8469
5168 6454
5169 7565
5170 3198
5171 6301
5172 7586
5173 7148
5174 5219
5175 2810
5176 9517
5177 3320
5178 7309
5179 7739
5180 4967
5181 2485
5182 1968
5183 7011
5184 2178
5185 8250
5186 5992
5187 8684
5188 6171
5189 4057
5190 1828
5191 2136
5192 5963
5193 4929
5194 616
5195 4777
5196 3813
5197 4353
5198 7340
5199 8818
5200 8339
5201 2480
5202 5848
5203 6462
5204 989
5205 248
5206 5806
5207 2599
5208 4660
5209 2426
5210 2026
5211 9436
5212 3185
5213 1590
5214 4351
5215 4877
5216 8536
5217 3152
5218 8133
5219 2313
5220 725
5221 4421
5222 7723
5223 6068
5224 4713
5225 137
5226 9897
5227 317
5228 4776
5229 8358
5230 6571
5231 1873
5232 9248
5233 2623
5234 1757
5235 8181
5236 7185
5237 9296
5238 648
5239 4291
5240 2253
5241 6261
5242 309
5243 4665
5244 5026
5245 2972
5246 418
5247 578
5248 2869
5249 4269
5250 7330
5251 4171
5252 2946
5253 5902
5254 3046
5255 216
5256 1067
5257 4032
5258 2059
5259 9864
5260 207
5261 4388
5262 3276
5263 1723
5264 9893
5265 8611
5266 9694
5267 8112
5268 9193
5269 9528
5270 1937
5271 90
5272 2832
5273 4822
5274 7275
5275 7886
5276 8519
5277 7818
5278 869
5279 5895
5280 4388
5281 6782
5282 5554
5283 1099
5284 1713
5285 4629
5286 13
5287 3787
5288 9340
5289 1944
5290 6666
5291 9107
5292 6317
5293 1250
5294 2568
5295 4634
5296 4095
5297 8548
5298 9484
5299 3770
5300 247
5301 31
5302 6114
5303 2826
5304 4823
5305 1618
5306 5859
5307 4113
5308 2243
5309 6260
5310 2901
5311 8070
5312 3041
5313 5306
5314 5877
5315 7822
5316 8441
5317 8581
5318 92
5319 4535
5320 9557
5321 8297
5322 6249
5323 7319
5324 7500
5325 6973
5326 7971
5327 2588
5328 4027
5329 5152
5330 4550
5331 861
5332 5448
5333 4484
5334 3943
5335 551
5336 2392
5337 6962
5338 5509
5339 2100
5340 556
5341 2584
5342 1685
5343 4099
5344 4343
5345 3923
5346 940
5347 636
5348 1512
5349 625
5350 6733
5351 64
5352 4699
5353 7992
5354 809
5355 7454
5356 7062
5357 2553
5358 275
5359 8474
5360 6049
5361 7077
5362 5361
5363 576
5364 8431
5365 2311
5366 2637
5367 1318
5368 4819
5369 8576
5370 3804
5371 8407
5372 9535
5373 2331
5374 4137
5375 109
5376 340
5377 2198
5378 2998
5379 1243
5380 3
5381 6582
5382 6553
5383 7917
5384 1836
5385 1119
5386 1620
5387 5963
5388 1608
5389 842
5390 4469
5391 46
5392 8313
5393 9815
5394 5511
5395 5359
5396 8207
5397 3795
5398 811
5399 2066
5400 5055
5401 516
5402 5354
5403 9685
5404 9326
5405 1880
5406 6853
5407 8041
5408 1311
5409 2143
5410 287
5411 6900
5412 5770
5413 463
5414 4698
5415 3945
5416 422
5417 2615
5418 3279
5419 4382
5420 7359
5421 6579
5422 1697
5423 8956
5424 4771
5425 5460
5426 4443
5427 2380
5428 7829
5429 2380
5430 3664
5431 2997
5432 2610
5433 5788
5434 6670
5435 7289
5436 796
5437 8639
5438 9898
5439 4279
5440 7863
5441 3953
5442 403
5443 3054
5444 1524
5445 315
5446 2834
5447 9049
5448 4933
5449 8177
5450 7536
5451 5114
5452 3636
5453 1040
5454 2343
5455 958
5456 6785
5457 1591
5458 5515
5459 7990
5460 1372
5461 3069
5462 4372
5463 8474
5464 9687
5465 496
5466 3429
5467 9407
5468 807
5469 4333
5470 9446
5471 9646
5472 2955
5473 1496
5474 1741
5475 2379
5476 92
5477 3813
5478 4729
5479 2107
5480 7997
5481 536
5482 2547
5483 4404
5484 7311
5485 7659
5486 9396
5487 2190
5488 3655
5489 9835
5490 6079
5491 2800
5492 7825
5493 419
5494 3445
5495 9202
5496 2427
5497 5704
5498 1603
5499 2892
5500 6317
5501 376
5502 1631
5503 830
5504 6747
5505 3016
5506 6586
5507 2329
5508 2458
5509 5048
5510 8949
5511 7034
5512 2242
5513 9428
5514 9396
5515 9788
5516 8210
5517 2988
5518 9441
5519 1287
5520 7218
5521 1113
5522 800
5523 1313
5524 4095
5525 788
5526 2797
5527 1318
5528 5523
5529 5220
5530 272
5531 491
5532 8841
5533 8145
5534 183
5535 5434
5536 1741
5537 1276
5538 6167
5539 1642
5540 4460
5541 4453
5542 185
5543 3392
5544 1057
5545 5681
5546 7012
5547 1178
5548 5255
5549 9608
5550 5278
5551 9345
5552 7131
5553 8060
5554 293
5555 7034
5556 9159
5557 6407
5558 2324
5559 1929
5560 5091
5561 1577
5562 4557
5563 7769
5564 6716
5565 2493
5566 6820
5567 5249
5568 627
5569 2098
5570 4229
5571 7565
5572 8064
5573 7207
5574 64
5575 7241
5576 5886
5577 5254
5578 6551
5579 9514
5580 5019
5581 3111
5582 6677
5583 6453
5584 4008
5585 4286
5586 6904
5587 2527
5588 3642
5589 6139
5590 5070
5591 5109
5592 303
5593 861
5594 1191
5595 2287
5596 9167
5597 2745
5598 7987
5599 9506
5600 3493
5601 2414
5602 126
5603 2352
5604 2030
5605 7702
5606 6706
5607 8448
5608 1038
5609 3710
5610 3535
5611 1441
5612 406
5613 2069
5614 1612
5615 347
5616 772
5617 2224
5618 4318
5619 3225
5620 7698
5621 7801
5622 856
5623 616
5624 5721
5625 6325
5626 1295
5627 1480
5628 5118
5629 1092
5630 1897
5631 2186
5632 6726
5633 3767
5634 2281
5635 4699
5636 9729
5637 8125
5638 8512
5639 5934
5640 4302
5641 9393
5642 7178
5643 2294
5644 8189
5645 4726
5646 6078
5647 4444
5648 1818
5649 460
5650 3842
5651 1308
5652 1347
5653 5813
5654 5946
5655 2487
5656 3912
5657 4511
5658 998
5659 8249
5660 421
5661 9612
5662 6284
5663 796
5664 6213
5665 7133
5666 167
5667 716
5668 6819
5669 389
5670 4759
5671 1273
5672 7347
5673 4939
5674 3719
5675 3960
5676 9322
5677 8093
5678 6906
5679 6767
5680 9859
5681 5819
5682 2413
5683 432
5684 2509
5685 9252
5686 3028
5687 9132
5688 1546
5689 4452
5690 2130
5691 4601
5692 6162
5693 7996
5694 5488
5695 5098
5696 5145
5697 2088
5698 4153
5699 1328
5700 8025
5701 7469
5702 4790
5703 633
5704 7633
5705 6020
5706 1893
5707 150
5708 8482
5709 141
5710 4366
5711 1728
5712 8128
5713 421
5714 5557
5715 3741
5716 4076
5717 3822
5718 5154
5719 788
5720 7413
5721 2358
5722 9692
5723 8410
5724 1626
5725 8892
5726 9962
5727 2765
5728 1481
5729 600
5730 4449
5731 1776
5732 4514
5733 2355
5734 2563
5735 5366
5736 6855
5737 2705
5738 5537
5739 1134
5740 6362
5741 9413
5742 6619
5743 1494
5744 9503
5745 9083
5746 8773
5747 3775
5748 5000
5749 3537
5750 4384
5751 5842
5752 2194
5753 8996
5754 5829
5755 9236
5756 8424
5757 5258
5758 8609
5759 9221
5760 5842
5761 9933
5762 8790
5763 8220
5764 7142
5765 504
5766 6745
5767 4032
5768 8269
5769 9648
5770 8366
5771 3429
5772 1363
5773 9301
5774 7663
5775 3724
5776 1284
5777 5777
5778 5093
5779 6782
5780 5398
5781 3614
5782 3216
5783 119
5784 9953
5785 532
5786 9798
5787 5221
5788 5156
5789 9035
5790 9807
5791 4212
5792 5327
5793 121
5794 82
5795 7790
5796 6391
5797 8577
5798 6403
5799 4582
5800 1930
5801 8033
5802 9986
5803 990
5804 7153
5805 8140
5806 8525
5807 661
5808 9847
5809 2896
5810 5593
5811 178
5812 7014
5813 4760
5814 9056
5815 2402
5816 6160
5817 7890
5818 2692
5819 2503
5820 6325
5821 5679
5822 8701
5823 3950
5824 9883
5825 4973
5826 5134
5827 5065
5828 2977
5829 9210
5830 8495
5831 4332
5832 6890
5833 5203
5834 2852
5835 5889
5836 978
5837 1113
5838 7535
5839 8068
5840 1188
5841 6055
5842 8293
5843 1063
5844 8798
5845 9070
5846 3293
5847 5022
5848 9006
5849 6780
5850 1459
5851 9379
5852 3785
5853 891
5854 4956
5855 4283
5856 3923
5857 5628
5858 7016
5859 9576
5860 2674
5861 545
5862 8598
5863 126
5864 5625
5865 3096
5866 2102
5867 9016
5868 2051
5869 8391
5870 3190
5871 3817
5872 5613
5873 9965
5874 8011
5875 3515
5876 4207
5877 5364
5878 7809
5879 3482
5880 8838
5881 5197
5882 7606
5883 7807
5884 1814
5885 2923
5886 4762
5887 641
5888 1645
5889 2378
5890 3791
5891 2093
5892 4392
5893 3017
5894 6501
5895 713
5896 1428
5897 8168
5898 1391
5899 4550
5900 8506
5901 7677
5902 267
5903 819
5904 9378
5905 9384
5906 9533
5907 195
5908 6798
5909 4512
5910 2054
5911 9352
5912 4072
5913 8552
5914 1324
5915 1271
5916 2545
5917 496
5918 1757
5919 1703
5920 6998
5921 3508
5922 3077
5923 9758
5924 3034
5925 6781
5926 3379
5927 5590
5928 8848
5929 1488
5930 517
5931 6623
5932 6734
5933 8598
5934 5677
5935 2375
5936 2434
5937 9498
5938 4224
5939 7678
5940 3628
5941 2206
5942 3262
5943 6188
5944 8752
5945 4208
5946 4714
5947 2858
5948 3673
5949 695
5950 1818
5951 555
5952 7306
5953 2108
5954 6563
5955 4562
5956 3609
5957 7349
5958 2054
5959 5132
5960 6264
5961 7400
5962 704
5963 9054
5964 591
5965 8133
5966 444
5967 7015
5968 5449
5969 8816
5970 215
5971 9463
5972 7965
5973 7996
5974 3636
5975 2577
5976 7026
5977 7859
5978 6344
5979 6327
5980 1550
5981 7888
5982 2501
5983 7945
5984 9612
5985 3262
5986 7901
5987 2481
5988 847
5989 8478
5990 9262
5991 3030
5992 9371
5993 8108
5994 2383
5995 1372
5996 4389
5997 6124
5998 2562
5999 7835
6000 1159
6001 670
6002 3072
6003 1723
6004 4477
6005 47
6006 233
6007 2336
6008 2892
6009 511
6010 3862
6011 7896
6012 199
6013 6797
6014 9964
6015 1870
6016 4252
6017 5209
6018 2997
6019 4156
6020 4212
6021 5768
6022 1577
6023 5718
6024 553
6025 3215
6026 8996
6027 2286
6028 6238
6029 9863
6030 3154
6031 4539
6032 1179
6033 8070
6034 8176
6035 3509
6036 8165
6037 9931
6038 1045
6039 6115
6040 7174
6041 5252
6042 4742
6043 6840
6044 531
6045 1427
6046 4887
6047 5216
6048 5341
6049 1046
6050 8650
6051 4670
6052 1190
6053 4054
6054 7423
6055 9983
6056 8580
6057 9160
6058 7040
6059 4462
6060 6516
6061 3601
6062 3278
6063 1761
6064 3981
6065 2292
6066 7372
6067 9474
6068 4478
6069 9190
6070 999
6071 1699
6072 4179
6073 7127
6074 1625
6075 8354
6076 8905
6077 2410
6078 1510
6079 9460
6080 8774
6081 9192
6082 2572
6083 8986
6084 8757
6085 4617
6086 4910
6087 999
6088 1106
6089 182
6090 5607
6091 6751
6092 2003
6093 5033
6094 4155
6095 3770
6096 8694
6097 5179
6098 5311
6099 6235
6100 4231
6101 9672
6102 7718
6103 85
6104 819
6105 5462
6106 2189
6107 8475
6108 5913
6109 8413
6110 7884
6111 1235
6112 372
6113 4450
6114 7546
6115 2035
6116 3356
6117 9956
6118 5995
6119 2083
6120 102
6121 1721
6122 2417
6123 2115
6124 4457
6125 5896
6126 7603
6127 1181
6128 9249
6129 314
6130 323
6131 8509
6132 2052
6133 8213
6134 5461
6135 7361
6136 939
6137 109
6138 7860
6139 4448
6140 9954
6141 2770
6142 1673
6143 7734
6144 8625
6145 4759
6146 2181
6147 7671
6148 4972
6149 4745
6150 7785
6151 4064
6152 8455
6153 4180
6154 6666
6155 5027
6156 3208
6157 6897
6158 1948
6159 7883
6160 6827
6161 8327
6162 9420
6163 6111
6164 2728
6165 3638
6166 2117
6167 5299
6168 6187
6169 4803
6170 2012
6171 9135
6172 5664
6173 302
6174 1738
6175 9468
6176 1050
6177 3977
6178 5525
6179 6505
6180 142
6181 1427
6182 5291
6183 8801
6184 8621
6185 393
6186 3566
6187 1690
6188 317
6189 5121
6190 2403
6191 3624
6192 8319
6193 4211
6194 3145
6195 8537
6196 9250
6197 2743
6198 1011
6199 5257
6200 446
6201 1784
6202 9192
6203 4845
6204 5067
6205 1645
6206 8575
6207 6114
6208 2772
6209 5181
6210 7014
6211 4825
6212 4053
6213 1895
6214 4711
6215 3160
6216 7272
6217 2385
6218 9946
6219 139
6220 61
6221 9936
6222 4667
6223 1570
6224 1869
6225 3030
6226 5387
6227 3898
6228 7284
6229 6828
6230 8357
6231 241
6232 7015
6233 2084
6234 9541
6235 3660
6236 9556
6237 80
6238 2974
6239 8671
6240 1857
6241 5383
6242 7843
6243 6629
6244 6683
6245 5221
6246 9167
6247 4591
6248 7680
6249 25
6250 9072
6251 725
6252 221
6253 3405
6254 7388
6255 125
6256 4544
6257 1767
6258 2345
6259 5506
6260 7934
6261 2306
6262 2547
6263 1053
6264 5419
6265 6321
6266 4335
6267 420
6268 9990
6269 8839
6270 159
6271 9693
6272 6651
6273 2192
6274 5787
6275 2052
6276 6631
6277 1887
6278 3324
6279 4707
6280 1249
6281 7332
6282 380
6283 1647
6284 5530
6285 3445
6286 5856
6287 736
6288 9069
6289 5424
6290 7570
6291 6078
6292 5458
6293 2229
6294 9651
6295 1374
6296 6107
6297 8708
6298 7853
6299 3147
6300 6699
6301 3278
6302 3050
6303 3292
6304 5758
6305 1477
6306 7797
6307 7153
6308 8462
6309 1500
6310 1635
6311 8962
6312 9007
6313 9108
6314 8063
6315 4236
6316 4285
6317 9037
6318 1046
6319 70
6320 6761
6321 7207
6322 6959
6323 507
6324 7903
6325 3851
6326 9676
6327 2992
6328 8762
6329 4850
6330 2451
6331 5235
6332 6332
6333 4671
6334 794
6335 4696
6336 4354
6337 278
6338 9437
6339 6415
6340 2364
6341 2172
6342 7762
6343 2431
6344 6302
6345 5400
6346 9412
6347 4915
6348 9396
6349 1792
6350 7681
6351 4993
6352 4415
6353 1342
6354 6356
6355 8921
6356 7003
6357 507
6358 7875
6359 6976
6360 9422
6361 7027
6362 3188
6363 2651
6364 8416
6365 406
6366 7874
6367 9027
6368 2499
6369 3626
6370 874
6371 1770
6372 6928
6373 1591
6374 1417
6375 5581
6376 3943
6377 1127
6378 8607
6379 5080
6380 371
6381 23
6382 4380
6383 7018
6384 6950
6385 3685
6386 6138
6387 5833
6388 1335
6389 3332
6390 2758
6391 2324
6392 643
6393 7807
6394 527
6395 1686
6396 8903
6397 7536
6398 3789
6399 6295
6400 87
6401 7356
6402 5091
6403 569
6404 5902
6405 3820
6406 1481
6407 7361
6408 2509
6409 8854
6410 9958
6411 6643
6412 2019
6413 2764
6414 3798
6415 7626
6416 8413
6417 5583
6418 138
6419 5310
6420 493
6421 7774
6422 7732
6423 91
6424 1803
6425 1219
6426 2255
6427 3114
6428 8612
6429 9046
6430 6872
6431 6037
6432 3975
6433 8336
6434 8626
6435 7397
6436 575
6437 4574
6438 4635
6439 1531
6440 9044
6441 289
6442 9048
6443 1820
6444 8331
6445 9927
6446 1992
6447 2525
6448 9999
6449 1440
6450 8994
6451 6962
6452 1683
6453 7212
6454 8609
6455 2939
6456 4987
6457 7081
6458 2059
6459 6212
6460 8827
6461 6733
6462 1326
6463 9002
6464 2787
6465 9495
6466 1503
6467 370
6468 6034
6469 2899
6470 3585
6471 9747
6472 2128
6473 1957
6474 3763
6475 9320
6476 6464
6477 6903
6478 897
6479 8395
6480 7485
6481 2456
6482 6436
6483 8139
6484 3433
6485 7485
6486 5161
6487 3485
6488 1859
6489 582
6490 356
6491 7394
6492 408
6493 987
6494 2455
6495 2841
6496 6299
6497 9551
6498 8720
6499 5344
6500 1142
6501 7636
6502 8076
6503 2969
6504 8361
6505 7080
6506 3211
6507 6765
6508 3065
6509 7025
6510 9438
6511 9440
6512 7540
6513 3114
6514 547
6515 45
6516 3861
6517 8379
6518 6783
6519 6721
6520 661
6521 4274
6522 9747
6523 4003
6524 5544
6525 3309
6526 7844
6527 5929
6528 7871
6529 577
6530 3768
6531 7987
6532 5235
6533 1914
6534 7238
6535 4043
6536 645
6537 2260
6538 8984
6539 6418
6540 7288
6541 7895
6542 1985
6543 1951
6544 569
6545 9256
6546 1596
6547 1945
6548 6380
6549 3377
6550 269
6551 4172
6552 1097
6553 6789
6554 9263
6555 205
6556 9063
6557 772
6558 8360
6559 8255
6560 2878
6561 1919
6562 1117
6563 8954
6564 3705
6565 822
6566 7670
6567 710
6568 4081
6569 3595
6570 6018
6571 2472
6572 5591
6573 6961
6574 9726
6575 2655
6576 7202
6577 6059
6578 9567
6579 8706
6580 2295
6581 8016
6582 2953
6583 2217
6584 4254
6585 1394
6586 9238
6587 1364
6588 868
6589 577
6590 800
6591 8998
6592 6193
6593 4796
6594 6950
6595 1294
6596 3788
6597 8404
6598 91
6599 975
6600 392
6601 6569
6602 5510
6603 1101
6604 6029
6605 70
6606 9719
6607 6711
6608 8029
6609 7326
6610 5220
6611 4058
6612 9784
6613 5080
6614 3227
6615 4136
6616 2699
6617 2193
6618 4719
6619 8491
6620 7717
6621 4141
6622 4447
6623 7945
6624 455
6625 132
6626 433
6627 7217
6628 4092
6629 5815
6630 1284
6631 8927
6632 4301
6633 2544
6634 6353
6635 8091
6636 3769
6637 5896
6638 1156
6639 8081
6640 8751
6641 9466
6642 1416
6643 3955
6644 635
6645 4757
6646 1529
6647 809
6648 4986
6649 9747
6650 5672
6651 918
6652 1624
6653 7652
6654 6287
6655 4220
6656 185
6657 2246
6658 8273
6659 1517
6660 9505
6661 1885
6662 9118
6663 5660
6664 3420
6665 940
6666 681
6667 303
6668 1752
6669 4266
6670 3390
6671 2915
6672 4743
6673 4159
6674 5236
6675 5292
6676 601
6677 2020
6678 4298
6679 1109
6680 4745
6681 1230
6682 1213
6683 1475
6684 1709
6685 5382
6686 777
6687 6708
6688 7096
6689 6380
6690 314
6691 9515
6692 3544
6693 6858
6694 2164
6695 9769
6696 4620
6697 8972
6698 9804
6699 3865
6700 7116
6701 9302
6702 7697
6703 2467
6704 2055
6705 6380
6706 7432
6707 4810
6708 8844
6709 4151
6710 2723
6711 6830
6712 9011
6713 4863
6714 3662
6715 6009
6716 1254
6717 4534
6718 951
6719 2052
6720 679
6721 5950
6722 9052
6723 9121
6724 1690
6725 5495
6726 7632
6727 3686
6728 4983
6729 3059
6730 6241
6731 4866
6732 3560
6733 9642
6734 3405
6735 147
6736 2598
6737 2627
6738 2160
6739 2739
6740 2521
6741 4294
6742 6528
6743 5155
6744 55
6745 6130
6746 9860
6747 2446
6748 3965
6749 2076
6750 8556
6751 1845
6752 528
6753 5876
6754 6457
6755 3524
6756 9624
6757 5481
6758 1973
6759 7856
6760 1977
6761 776
6762 3054
6763 4531
6764 3819
6765 305
6766 588
6767 2425
6768 2298
6769 5909
6770 7162
6771 4946
6772 7885
6773 552
6774 353
6775 3497
6776 1687
6777 1947
6778 6656
6779 8019
6780 1881
6781 2141
6782 1660
6783 1354
6784 3669
6785 4574
6786 9183
6787 5820
6788 6693
6789 1908
6790 4854
6791 3233
6792 6769
6793 2803
6794 7116
6795 7256
6796 9686
6797 4434
6798 7996
6799 8478
6800 2469
6801 9414
6802 3135
6803 36
6804 263
6805 6639
6806 7292
6807 6816
6808 146
6809 4059
6810 5284
6811 1176
6812 2221
6813 750
6814 5358
6815 7113
6816 3976
6817 3121
6818 5309
6819 3133
6820 7676
6821 3893
6822 6640
6823 5508
6824 4178
6825 7882
6826 1683
6827 4432
6828 7192
6829 2739
6830 4869
6831 8088
6832 2273
6833 8945
6834 1793
6835 215
6836 6860
6837 3475
6838 4293
6839 4955
6840 445
6841 7716
6842 2259
6843 3625
6844 1915
6845 4916
6846 5645
6847 7681
6848 6076
6849 2013
6850 6426
6851 7146
6852 1180
6853 4704
6854 3133
6855 1898
6856 9723
6857 9205
6858 979
6859 6397
6860 2598
6861 655
6862 681
6863 5029
6864 9097
6865 2171
6866 3493
6867 2309
6868 4190
6869 5591
6870 5855
6871 5782
6872 3888
6873 8652
6874 9983
6875 804
6876 2219
6877 1760
6878 3950
6879 9311
6880 2542
6881 4369
6882 551
6883 5165
6884 9383
6885 2500
6886 5341
6887 5588
6888 3388
6889 7142
6890 3925
6891 1372
6892 2562
6893 5231
6894 8557
6895 280
6896 7746
6897 8622
6898 2058
6899 3818
6900 2194
6901 8158
6902 3667
6903 4114
6904 8346
6905 6248
6906 9907
6907 1361
6908 2635
6909 4371
6910 5172
6911 4532
6912 8631
6913 8465
6914 5786
6915 3833
6916 4310
6917 2313
6918 3284
6919 585
6920 2120
6921 9320
6922 9679
6923 5568
6924 5884
6925 9915
6926 5951
6927 2105
6928 4478
6929 7096
6930 2537
6931 5174
6932 2904
6933 1990
6934 4043
6935 5136
6936 265
6937 3866
6938 2093
6939 9188
6940 4616
6941 9181
6942 8427
6943 2764
6944 5570
6945 948
6946 5386
6947 1725
6948 1176
6949 8624
6950 9
6951 5832
6952 8264
6953 3004
6954 9410
6955 6839
6956 9145
6957 9209
6958 2493
6959 5610
6960 5580
6961 6424
6962 5452
6963 7868
6964 7189
6965 4864
6966 9817
6967 1429
6968 7558
6969 9066
6970 9857
6971 6964
6972 2471
6973 4929
6974 2463
6975 417
6976 5209
6977 558
6978 8632
6979 8500
6980 4205
6981 5333
6982 9551
6983 3135
6984 7208
6985 7623
6986 5899
6987 3388
6988 1775
6989 1467
6990 1704
6991 6657
6992 6885
6993 2098
6994 5725
6995 392
6996 1897
6997 9502
6998 2672
6999 607
7000 8136
7001 8764
7002 7050
7003 9460
7004 6524
7005 2126
7006 1822
7007 6415
7008 574
7009 3164
7010 45
7011 9618
7012 8625
7013 4750
7014 5163
7015 5819
7016 3244
7017 3549
7018 8809
7019 5645
7020 3542
7021 1540
7022 6029
7023 1180
7024 92
7025 4151
7026 5066
7027 2105
7028 9148
7029 5031
7030 591
7031 5132
7032 1604
7033 6352
7034 903
7035 7942
7036 432
7037 4623
7038 280
7039 1967
7040 9361
7041 1953
7042 3989
7043 4016
7044 8868
7045 655
7046 6625
7047 4275
7048 4144
7049 6762
7050 2515
7051 9080
7052 2838
7053 1981
7054 3579
7055 2086
7056 8276
7057 1571
7058 4577
7059 111
7060 9474
7061 9125
7062 4154
7063 1427
7064 8405
7065 2188
7066 3406
7067 9207
7068 6090
7069 863
7070 5496
7071 669
7072 1143
7073 2693
7074 9772
7075 3813
7076 7328
7077 501
7078 7538
7079 4501
7080 8297
7081 6267
7082 8433
7083 5965
7084 2691
7085 2285
7086 483
7087 5174
7088 1685
7089 2089
7090 2763
7091 2941
7092 505
7093 3895
7094 2680
7095 5700
7096 4140
7097 4092
7098 7242
7099 5080
7100 7023
7101 2706
7102 6263
7103 1126
7104 5922
7105 3491
7106 4134
7107 6095
7108 4658
7109 4295
7110 5771
7111 5434
7112 1795
7113 1589
7114 9578
7115 2873
7116 2535
7117 7566
7118 8813
7119 7966
7120 5080
7121 279
7122 5515
7123 5785
7124 8310
7125 1085
7126 6584
7127 9775
7128 2488
7129 5679
7130 7922
7131 566
7132 9675
7133 270
7134 7095
7135 6980
7136 6366
7137 783
7138 2513
7139 5382
7140 6415
7141 4102
7142 2056
7143 588
7144 2462
7145 3310
7146 8334
7147 976
7148 5327
7149 4013
7150 7785
7151 6342
7152 8797
7153 4789
7154 1461
7155 8263
7156 2997
7157 4571
7158 7516
7159 7267
7160 179
7161 7983
7162 6439
7163 3475
7164 7958
7165 5238
7166 8131
7167 222
7168 5899
7169 1794
7170 9804
7171 1248
7172 2234
7173 2145
7174 8443
7175 9409
7176 4735
7177 1725
7178 6100
7179 1341
7180 9966
7181 3798
7182 6235
7183 7618
7184 4361
7185 1629
7186 1631
7187 6872
7188 3745
7189 1893
7190 5845
7191 7060
7192 8
7193 8973
7194 5230
7195 2734
7196 1588
7197 1154
7198 7731
7199 2256
7200 2483
7201 2719
7202 6531
7203 8503
7204 3908
7205 2594
7206 9296
7207 1521
7208 9280
7209 2412
7210 2983
7211 2860
7212 745
7213 1653
7214 3265
7215 6890
7216 6141
7217 8528
7218 3550
7219 1222
7220 4244
7221 1020
7222 3035
7223 2856
7224 7495
7225 124
7226 142
7227 3075
7228 7866
7229 6201
7230 2077
7231 1191
7232 9287
7233 43
7234 8368
7235 1939
7236 3265
7237 4616
7238 7171
7239 2454
7240 1132
7241 2102
7242 1492
7243 5558
7244 1774
7245 9876
7246 39
7247 2873
7248 2571
7249 4978
7250 7133
7251 5359
7252 6521
7253 8513
7254 3346
7255 3918
7256 3708
7257 524
7258 9547
7259 3337
7260 1085
7261 5609
7262 4543
7263 1004
7264 7895
7265 5330
7266 1591
7267 685
7268 2528
7269 1049
7270 1001
7271 7303
7272 6901
7273 9973
7274 1324
7275 9997
7276 7070
7277 7368
7278 8811
7279 3524
7280 6482
7281 8101
7282 6616
7283 6957
7284 3037
7285 4452
7286 9061
7287 675
7288 2419
7289 1538
7290 3468
7291 7101
7292 5884
7293 8137
7294 9276
7295 2491
7296 5070
7297 1289
7298 7016
7299 3379
7300 6104
7301 7177
7302 2374
7303 7646
7304 3517
7305 5641
7306 4606
7307 8533
7308 783
7309 795
7310 2000
7311 15
7312 4329
7313 620
7314 3195
7315 8329
7316 4427
7317 2245
7318 1039
7319 8755
7320 6531
7321 1018
7322 4995
7323 3097
7324 1411
7325 4403
7326 5834
7327 1340
7328 1783
7329 6517
7330 9730
7331 9448
7332 9252
7333 7049
7334 5471
7335 4798
7336 4060
7337 1529
7338 9996
7339 3814
7340 2986
7341 7601
7342 1153
7343 7371
7344 7843
7345 2142
7346 2683
7347 9655
7348 1441
7349 9821
7350 4981
7351 73
7352 7127
7353 693
7354 6030
7355 3885
7356 8201
7357 3147
7358 950
7359 3318
7360 3498
7361 2644
7362 8680
7363 9561
7364 1468
7365 7449
7366 2252
7367 824
7368 2499
7369 2778
7370 6974
7371 4285
7372 8587
7373 6315
7374 8833
7375 9959
7376 9310
7377 3263
7378 5353
7379 1346
7380 9079
7381 2285
7382 2881
7383 515
7384 5457
7385 1534
7386 4224
7387 8970
7388 9074
7389 1682
7390 495
7391 1396
7392 5391
7393 3019
7394 6415
7395 275
7396 5249
7397 863
7398 8889
7399 9313
7400 1884
7401 1488
7402 9836
7403 3549
7404 6262
7405 3252
7406 1711
7407 1097
7408 2479
7409 6762
7410 648
7411 960
7412 5187
7413 2809
7414 3557
7415 9754
7416 2075
7417 8189
7418 6491
7419 8668
7420 546
7421 6345
7422 1216
7423 9485
7424 8324
7425 3117
7426 3254
7427 7300
7428 5016
7429 9213
7430 1142
7431 8084
7432 3505
7433 8322
7434 3974
7435 688
7436 7540
7437 3045
7438 7468
7439 2211
7440 9730
7441 8348
7442 2447
7443 7873
7444 600
7445 5678
7446 4610
7447 9238
7448 394
7449 9106
7450 2054
7451 5196
7452 9738
7453 5953
7454 941
7455 8684
7456 8427
7457 2531
7458 1372
7459 6788
7460 6871
7461 7860
7462 750
7463 2565
7464 430
7465 6929
7466 46
7467 4841
7468 9462
7469 3331
7470 3364
7471 7541
7472 887
7473 5105
7474 5727
7475 1112
7476 428
7477 6842
7478 1288
7479 6630
7480 195
7481 2459
7482 2260
7483 4836
7484 745
7485 7989
7486 9505
7487 9226
7488 3890
7489 7820
7490 2497
7491 3494
7492 1698
7493 2175
7494 8233
7495 5997
7496 241
7497 6031
7498 800
7499 9050
7500 2315
7501 3276
7502 9007
7503 1758
7504 6435
7505 8967
7506 5799
7507 2125
7508 9809
7509 7172
7510 6566
7511 4078
7512 3052
7513 8475
7514 1486
7515 2365
7516 9114
7517 1717
7518 1981
7519 9488
7520 2242
7521 5784
7522 724
7523 1995
7524 2960
7525 4005
7526 6904
7527 1816
7528 1693
7529 6519
7530 418
7531 5964
7532 7375
7533 5961
7534 7842
7535 2480
7536 2332
7537 726
7538 6794
7539 760
7540 7803
7541 7019
7542 4758
7543 1934
7544 657
7545 769
7546 7889
7547 5884
7548 7251
7549 8868
7550 245
7551 7653
7552 4721
7553 1458
7554 1215
7555 4561
7556 383
7557 1749
7558 8239
7559 363
7560 179
7561 2719
7562 4516
7563 564
7564 1244
7565 1519
7566 8538
7567 207
7568 5066
7569 3147
7570 71
7571 527
7572 1211
7573 9394
7574 2684
7575 7335
7576 4197
7577 2068
7578 3930
7579 4515
7580 3926
7581 1470
7582 6207
7583 8601
7584 1607
7585 7056
7586 7884
7587 7452
7588 442
7589 1024
7590 4382
7591 2666
7592 7987
7593 5200
7594 8978
7595 7563
7596 94
7597 2180
7598 6354
7599 9620
7600 9904
7601 9956
7602 9290
7603 2508
7604 51
7605 7649
7606 4699
7607 5875
7608 5907
7609 351
7610 1922
7611 2765
7612 6394
7613 6897
7614 5124
7615 452
7616 8970
7617 6813
7618 2802
7619 4798
7620 9767
7621 643
7622 2697
7623 263
7624 8598
7625 5255
7626 6656
7627 969
7628 6788
7629 37
7630 8425
7631 8669
7632 9648
7633 5666
7634 6693
7635 4134
7636 5794
7637 5030
7638 3644
7639 5882
7640 7532
7641 4299
7642 5582
7643 9475
7644 8945
7645 9600
7646 2549
7647 2556
7648 7064
7649 9724
7650 9766
7651 4428
7652 91
7653 7328
7654 6622
7655 3282
7656 9243
7657 6106
7658 9952
7659 4749
7660 5189
7661 6809
7662 4372
7663 5557
7664 8053
7665 94
7666 7129
7667 603
7668 55
7669 4267
7670 207
7671 1441
7672 569
7673 3631
7674 7357
7675 565
7676 5528
7677 679
7678 1709
7679 5294
7680 8763
7681 259
7682 7820
7683 9277
7684 1907
7685 5927
7686 1348
7687 7853
7688 236
7689 7686
7690 7059
7691 6185
7692 3800
7693 9570
7694 1586
7695 6756
7696 5042
7697 2277
7698 1790
7699 2410
7700 395
7701 7991
7702 6000
7703 4363
7704 5571
7705 867
7706 930
7707 9249
7708 785
7709 2985
7710 3665
7711 2954
7712 5172
7713 2601
7714 6001
7715 6888
7716 5899
7717 1989
7718 4580
7719 326
7720 2187
7721 5117
7722 9595
7723 8236
7724 803
7725 1914
7726 3538
7727 7393
7728 7979
7729 188
7730 391
7731 8277
7732 9122
7733 894
7734 2803
7735 845
7736 3082
7737 868
7738 5685
7739 7137
7740 2586
7741 2687
7742 4382
7743 734
7744 9850
7745 5408
7746 385
7747 1831
7748 6726
7749 9649
7750 2717
7751 2457
7752 2278
7753 1994
7754 8498
7755 431
7756 1868
7757 4855
7758 1978
7759 423
7760 6727
7761 1792
7762 5012
7763 4757
7764 5684
7765 505
7766 197
7767 1600
7768 1214
7769 3952
7770 3731
7771 5218
7772 1895
7773 9933
7774 4647
7775 4618
7776 6405
7777 2580
7778 3201
7779 1515
7780 4467
7781 3451
7782 9662
7783 5596
7784 2298
7785 2805
7786 438
7787 368
7788 8772
7789 757
7790 2653
7791 194
7792 250
7793 495
7794 9540
7795 1439
7796 9913
7797 4527
7798 2009
7799 7479
7800 7994
7801 7943
7802 750
7803 1969
7804 6825
7805 100
7806 1164
7807 3217
7808 9603
7809 766
7810 9152
7811 1602
7812 2321
7813 7200
7814 6292
7815 6588
7816 943
7817 4459
7818 5077
7819 8250
7820 4622
7821 2715
7822 2834
7823 3857
7824 2240
7825 1998
7826 8147
7827 1083
7828 4799
7829 6116
7830 138
7831 5382
7832 9153
7833 9649
7834 7449
7835 2480
7836 2811
7837 993
7838 594
7839 4676
7840 5111
7841 2273
7842 7500
7843 9044
7844 7581
7845 5718
7846 6234
7847 4106
7848 3337
7849 6727
7850 2605
7851 300
7852 5071
7853 9075
7854 3330
7855 2878
7856 1034
7857 5233
7858 3636
7859 7018
7860 1779
7861 1874
7862 904
7863 4041
7864 2251
7865 7128
7866 9234
7867 261
7868 2131
7869 6718
7870 9162
7871 6809
7872 533
7873 1765
7874 3307
7875 2660
7876 9513
7877 8058
7878 6229
7879 8416
7880 9247
7881 3466
7882 1878
7883 196
7884 5446
7885 8889
7886 276
7887 9932
7888 1435
7889 893
7890 2459
7891 9010
7892 1023
7893 1663
7894 4914
7895 1071
7896 2347
7897 60
7898 5866
7899 965
7900 8462
7901 5372
7902 1276
7903 2763
7904 7196
7905 6372
7906 7088
7907 2708
7908 1573
7909 5996
7910 5096
7911 7208
7912 4645
7913 9929
7914 3663
7915 5244
7916 1804
7917 98
7918 1375
7919 2266
7920 2364
7921 507
7922 999
7923 5677
7924 771
7925 2267
7926 2002
7927 8277
7928 1457
7929 3063
7930 1100
7931 2606
7932 1468
7933 1874
7934 2370
7935 3027
7936 1163
7937 8723
7938 8136
7939 213
7940 7014
7941 1983
7942 6400
7943 5967
7944 73
7945 151
7946 1954
7947 1818
7948 4485
7949 16
7950 6219
7951 4108
7952 6297
7953 9476
7954 6500
7955 1788
7956 8588
7957 9499
7958 4357
7959 1739
7960 6450
7961 3927
7962 4815
7963 8439
7964 124
7965 4942
7966 5413
7967 1211
7968 1894
7969 4036
7970 934
7971 4871
7972 629
7973 4296
7974 5267
7975 9498
7976 9146
7977 2991
7978 4107
7979 3273
7980 101
7981 3347
7982 2912
7983 7123
7984 2458
7985 5501
7986 2494
7987 8908
7988 8087
7989 6028
7990 2367
7991 16
7992 1732
7993 3434
7994 5737
7995 1741
7996 4770
7997 1865
7998 2097
7999 9112
8000 7282
8001 2835
8002 3709
8003 8622
8004 7415
8005 982
8006 3900
8007 1738
8008 1561
8009 3335
8010 4159
8011 6761
8012 5652
8013 4948
8014 2092
8015 7503
8016 6990
8017 2853
8018 2169
8019 3289
8020 280
8021 2031
8022 7573
8023 6671
8024 6361
8025 1488
8026 4066
8027 5563
8028 1432
8029 7936
8030 4738
8031 3266
8032 935
8033 1892
8034 3890
8035 433
8036 8262
8037 2472
8038 4893
8039 5512
8040 9003
8041 297
8042 5577
8043 3292
8044 9010
8045 4744
8046 2876
8047 35
8048 6665
8049 1483
8050 251
8051 5901
8052 6756
8053 2917
8054 4829
8055 3569
8056 123
8057 6474
8058 1066
8059 2171
8060 1969
8061 7039
8062 2512
8063 819
8064 280
8065 1139
8066 532
8067 4219
8068 9815
8069 460
8070 9575
8071 6588
8072 1647
8073 6436
8074 5139
8075 6045
8076 770
8077 3851
8078 797
8079 8904
8080 6029
8081 1764
8082 9776
8083 6212
8084 1386
8085 8284
8086 653
8087 7441
8088 3740
8089 7708
8090 667
8091 1461
8092 7183
8093 4254
8094 147
8095 6862
8096 7096
8097 9530
8098 6436
8099 3384
8100 8345
8101 506
8102 1971
8103 4626
8104 5925
8105 207
8106 3644
8107 6989
8108 219
8109 3003
8110 2650
8111 8383
8112 5804
8113 3325
8114 9234
8115 2135
8116 6579
8117 6355
8118 8816
8119 6054
8120 892
8121 9963
8122 7726
8123 4817
8124 1540
8125 4497
8126 7513
8127 544
8128 4941
8129 441
8130 67
8131 7689
8132 7408
8133 9534
8134 9871
8135 247
8136 6568
8137 4776
8138 450
8139 7986
8140 3335
8141 5652
8142 2328
8143 4923
8144 4382
8145 1983
8146 1219
8147 3729
8148 6643
8149 6592
8150 8453
8151 1094
8152 2757
8153 6612
8154 1944
8155 7196
8156 9821
8157 7046
8158 6733
8159 9471
8160 5790
8161 2034
8162 6787
8163 7256
8164 1653
8165 370
8166 9442
8167 2728
8168 7007
8169 7771
8170 1819
8171 3448
8172 2986
8173 2715
8174 6680
8175 9838
8176 3690
8177 4552
8178 4196
8179 1937
8180 7104
8181 2634
8182 7653
8183 1103
8184 2451
8185 5406
8186 5317
8187 4705
8188 5470
8189 3930
8190 4626
8191 3413
8192 833
8193 1842
8194 4034
8195 5927
8196 8312
8197 3286
8198 936
8199 3613
8200 7221
8201 3668
8202 1238
8203 7644
8204 6088
8205 3793
8206 561
8207 2683
8208 8997
8209 7137
8210 9621
8211 7932
8212 4265
8213 823
8214 4608
8215 8315
8216 2683
8217 721
8218 5906
8219 2294
8220 1045
8221 6332
8222 1918
8223 8311
8224 4454
8225 300
8226 7465
8227 4644
8228 282
8229 5995
8230 7617
8231 6519
8232 504
8233 4366
8234 3180
8235 9019
8236 3198
8237 4346
8238 8273
8239 1292
8240 9489
8241 497
8242 6117
8243 4219
8244 8451
8245 3172
8246 590
8247 2328
8248 3705
8249 18
8250 5829
8251 5377
8252 6570
8253 5760
8254 6958
8255 2656
8256 1728
8257 898
8258 6392
8259 7681
8260 5686
8261 5442
8262 5400
8263 5000
8264 5383
8265 6319
8266 6178
8267 4293
8268 3356
8269 2227
8270 1132
8271 8319
8272 8702
8273 3147
8274 1370
8275 8355
8276 5829
8277 1456
8278 7956
8279 8261
8280 3404
8281 6807
8282 4781
8283 1708
8284 8279
8285 9124
8286 947
8287 2131
8288 7270
8289 4810
8290 62
8291 7168
8292 451
8293 6473
8294 176
8295 9174
8296 682
8297 4086
8298 3581
8299 4098
8300 3611
8301 5442
8302 7558
8303 4230
8304 2532
8305 4655
8306 7153
8307 3101
8308 5630
8309 1474
8310 5000
8311 287
8312 5710
8313 4781
8314 179
8315 221
8316 2635
8317 1385
8318 3210
8319 5498
8320 6501
8321 8177
8322 1845
8323 8684
8324 9468
8325 3953
8326 3429
8327 705
8328 8018
8329 7018
8330 787
8331 8815
8332 1344
8333 2118
8334 650
8335 9286
8336 264
8337 2450
8338 5141
8339 3869
8340 6512
8341 3449
8342 7601
8343 779
8344 201
8345 6581
8346 9322
8347 2611
8348 4534
8349 532
8350 4629
8351 1919
8352 9349
8353 2543
8354 6313
8355 3630
8356 9444
8357 8183
8358 8633
8359 4169
8360 8495
8361 3046
8362 8280
8363 5009
8364 9516
8365 1083
8366 840
8367 6752
8368 7735
8369 6706
8370 557
8371 8840
8372 3070
8373 3407
8374 4777
8375 1490
8376 1744
8377 1162
8378 6745
8379 4708
8380 1591
8381 1584
8382 1331
8383 1567
8384 5560
8385 3611
8386 6744
8387 8458
8388 7374
8389 3654
8390 8639
8391 4301
8392 432
8393 5040
8394 2670
8395 9270
8396 124
8397 9757
8398 3026
8399 4497
8400 7014
8401 7134
8402 9582
8403 710
8404 309
8405 183
8406 650
8407 4971
8408 535
8409 5259
8410 7102
8411 4825
8412 4070
8413 7766
8414 392
8415 7728
8416 1246
8417 5304
8418 7661
8419 103
8420 6291
8421 8930
8422 5244
8423 8247
8424 2497
8425 3377
8426 934
8427 706
8428 790
8429 50
8430 6889
8431 7060
8432 6864
8433 5925
8434 827
8435 2441
8436 5068
8437 3296
8438 6405
8439 68
8440 9943
8441 1896
8442 6358
8443 4855
8444 7984
8445 9196
8446 9776
8447 5519
8448 7784
8449 9898
8450 1719
8451 9842
8452 5939
8453 3954
8454 3851
8455 9192
8456 9482
8457 9728
8458 4974
8459 8068
8460 6303
8461 4675
8462 8246
8463 8781
8464 4882
8465 864
8466 4825
8467 3083
8468 7071
8469 6612
8470 2352
8471 5752
8472 8032
8473 6975
8474 3518
8475 7392
8476 8355
8477 818
8478 6958
8479 7285
8480 8416
8481 9853
8482 2457
8483 3294
8484 6753
8485 7074
8486 2971
8487 1232
8488 6427
8489 6674
8490 1686
8491 7332
8492 1924
8493 1025
8494 4382
8495 2200
8496 1391
8497 7277
8498 2633
8499 4960
8500 3178
8501 3493
8502 3647
8503 2077
8504 8023
8505 6128
8506 3967
8507 2712
8508 7144
8509 1299
8510 334
8511 6777
8512 5654
8513 2579
8514 3200
8515 5714
8516 3910
8517 9542
8518 746
8519 5077
8520 5406
8521 4678
8522 8941
8523 2175
8524 5077
8525 4763
8526 3750
8527 2276
8528 263
8529 4481
8530 2685
8531 2605
8532 6145
8533 8641
8534 9747
8535 8679
8536 5538
8537 9682
8538 7114
8539 5316
8540 8096
8541 8362
8542 9368
8543 7446
8544 4911
8545 2620
8546 4668
8547 7809
8548 2203
8549 3838
8550 512
8551 3191
8552 5439
8553 644
8554 4427
8555 677
8556 1562
8557 2001
8558 7746
8559 16
8560 5761
8561 4822
8562 7444
8563 3710
8564 1985
8565 1641
8566 7657
8567 2367
8568 8147
8569 355
8570 9554
8571 5144
8572 1208
8573 633
8574 1790
8575 5117
8576 4533
8577 2332
8578 9111
8579 1587
8580 2766
8581 5277
8582 5135
8583 2455
8584 3032
8585 152
8586 260
8587 5565
8588 358
8589 7138
8590 7454
8591 8236
8592 4304
8593 2307
8594 5944
8595 8472
8596 1607
8597 576
8598 7143
8599 1481
8600 1588
8601 4271
8602 8926
8603 8963
8604 9726
8605 1797
8606 9288
8607 5084
8608 8007
8609 5568
8610 4613
8611 3150
8612 3160
8613 9809
8614 4322
8615 1796
8616 7520
8617 3081
8618 6241
8619 915
8620 5961
8621 448
8622 1606
8623 2745
8624 3539
8625 2826
8626 294
8627 4194
8628 1613
8629 3912
8630 3588
8631 2562
8632 6426
8633 3754
8634 1413
8635 3583
8636 7284
8637 1652
8638 8330
8639 9708
8640 4154
8641 1979
8642 8417
8643 1537
8644 1778
8645 4496
8646 3890
8647 1181
8648 6405
8649 370
8650 6548
8651 7851
8652 3271
8653 736
8654 9981
8655 1489
8656 7351
8657 9792
8658 7197
8659 9683
8660 7949
8661 2258
8662 4539
8663 8964
8664 1683
8665 1629
8666 8301
8667 2393
8668 8392
8669 7997
8670 2111
8671 4009
8672 1554
8673 9218
8674 8384
8675 6602
8676 1305
8677 7398
8678 2966
8679 8468
8680 1966
8681 3900
8682 7541
8683 3459
8684 1412
8685 4606
8686 4629
8687 1679
8688 4930
8689 5077
8690 7582
8691 1942
8692 3608
8693 6924
8694 2267
8695 2601
8696 8935
8697 4969
8698 8361
8699 2487
8700 1773
8701 1526
8702 5316
8703 612
8704 494
8705 3212
8706 7388
8707 7048
8708 4667
8709 1151
8710 1305
8711 4201
8712 1155
8713 6149
8714 4516
8715 1058
8716 9675
8717 1213
8718 340
8719 1034
8720 8508
8721 300
8722 3472
8723 1172
8724 8371
8725 7107
8726 5658
8727 1728
8728 627
8729 990
8730 568
8731 2512
8732 1015
8733 6496
8734 7627
8735 1157
8736 5339
8737 9148
8738 8562
8739 8193
8740 6013
8741 5099
8742 6292
8743 9703
8744 1377
8745 4307
8746 8762
8747 3438
8748 979
8749 2143
8750 2224
8751 1986
8752 4878
8753 1371
8754 7568
8755 5852
8756 123
8757 2535
8758 3498
8759 134
8760 5678
8761 7668
8762 151
8763 609
8764 940
8765 5710
8766 8774
8767 8930
8768 1621
8769 4990
8770 5506
8771 5862
8772 6032
8773 5060
8774 3895
8775 9352
8776 9131
8777 7652
8778 8878
8779 9905
8780 7098
8781 9512
8782 284
8783 8810
8784 983
8785 7524
8786 2032
8787 2979
8788 6200
8789 4647
8790 771
8791 3842
8792 9895
8793 6466
8794 9146
8795 1800
8796 3813
8797 5221
8798 1399
8799 7783
8800 700
8801 8689
8802 4468
8803 2982
8804 105
8805 1697
8806 5831
8807 5096
8808 4994
8809 1991
8810 1765
8811 6624
8812 6980
8813 7145
8814 6011
8815 558
8816 2129
8817 5698
8818 9406
8819 2722
8820 290
8821 8470
8822 1884
8823 155
8824 184
8825 4445
8826 4292
8827 4775
8828 3891
8829 2976
8830 6885
8831 8632
8832 880
8833 7672
8834 4468
8835 7384
8836 7214
8837 8627
8838 9015
8839 111
8840 3923
8841 472
8842 9295
8843 9473
8844 75
8845 8074
8846 7163
8847 4625
8848 1213
8849 4869
8850 3893
8851 6067
8852 5263
8853 5417
8854 4964
8855 2358
8856 9418
8857 2604
8858 2069
8859 4190
8860 113
8861 7733
8862 3497
8863 9698
8864 1208
8865 3518
8866 8270
8867 8215
8868 7129
8869 7889
8870 3676
8871 1887
8872 2499
8873 3871
8874 374
8875 6715
8876 715
8877 5986
8878 8616
8879 8711
8880 8399
8881 1642
8882 7840
8883 3674
8884 4969
8885 51
8886 7666
8887 8095
8888 6006
8889 9325
8890 3986
8891 9867
8892 9816
8893 4254
8894 1820
8895 3979
8896 4114
8897 6302
8898 884
8899 1367
8900 2583
8901 6205
8902 1838
8903 3999
8904 35
8905 566
8906 1164
8907 2173
8908 9528
8909 6815
8910 1278
8911 1358
8912 5414
8913 3945
8914 4276
8915 4011
8916 430
8917 5675
8918 6852
8919 9471
8920 8521
8921 6638
8922 7215
8923 2222
8924 2853
8925 1945
8926 3350
8927 1476
8928 2594
8929 9198
8930 3920
8931 7654
8932 7498
8933 8536
8934 2190
8935 1846
8936 6418
8937 4588
8938 8899
8939 2052
8940 9090
8941 9114
8942 417
8943 1416
8944 4565
8945 338
8946 5306
8947 9788
8948 80
8949 6624
8950 6024
8951 1234
8952 9341
8953 1240
8954 8422
8955 4660
8956 3922
8957 2609
8958 8310
8959 97
8960 2235
8961 7786
8962 3982
8963 9333
8964 5297
8965 1986
8966 6231
8967 9417
8968 5936
8969 5809
8970 2637
8971 1338
8972 9603
8973 904
8974 1021
8975 6345
8976 2471
8977 5307
8978 2127
8979 6594
8980 2997
8981 2161
8982 9678
8983 9416
8984 5009
8985 5046
8986 6525
8987 7827
8988 6676
8989 4842
8990 2281
8991 2657
8992 6079
8993 3822
8994 1663
8995 8094
8996 865
8997 7784
8998 6802
8999 5694
9000 6536
9001 573
9002 6863
9003 8174
9004 4310
9005 2548
9006 9225
9007 5232
9008 1089
9009 2351
9010 5562
9011 3416
9012 7042
9013 8588
9014 1947
9015 2851
9016 7600
9017 3405
9018 8776
9019 585
9020 7546
9021 1057
9022 8054
9023 2914
9024 6548
9025 5070
9026 809
9027 7196
9028 2036
9029 6008
9030 4840
9031 2202
9032 2699
9033 7592
9034 7918
9035 1657
9036 706
9037 8965
9038 924
9039 8458
9040 910
9041 3954
9042 3200
9043 3406
9044 7659
9045 9068
9046 6742
9047 9495
9048 4099
9049 8938
9050 4651
9051 8292
9052 9776
9053 9406
9054 287
9055 822
9056 8594
9057 1177
9058 4141
9059 6455
9060 8267
9061 5927
9062 9809
9063 7849
9064 7968
9065 646
9066 8917
9067 2956
9068 6945
9069 234
9070 189
9071 9471
9072 8676
9073 8629
9074 9404
9075 6815
9076 3691
9077 4366
9078 3660
9079 6842
9080 6590
9081 1011
9082 9423
9083 7740
9084 1702
9085 5082
9086 4415
9087 8635
9088 5695
9089 4558
9090 6405
9091 5888
9092 6332
9093 9638
9094 8663
9095 8845
9096 8512
9097 9976
9098 1680
9099 811
9100 218
9101 3595
9102 7192
9103 8370
9104 872
9105 9909
9106 2
9107 5604
9108 9334
9109 904
9110 3634
9111 9495
9112 1563
9113 4351
9114 8174
9115 8333
9116 5976
9117 329
9118 3570
9119 9304
9120 9940
9121 701
9122 6250
9123 489
9124 4405
9125 2434
9126 8824
9127 467
9128 4289
9129 6640
9130 4674
9131 2631
9132 2329
9133 5029
9134 2215
9135 687
9136 1682
9137 8807
9138 6907
9139 1704
9140 7018
9141 1612
9142 3385
9143 7834
9144 903
9145 592
9146 1825
9147 6140
9148 3138
9149 8394
9150 9996
9151 4933
9152 8146
9153 5976
9154 1858
9155 5100
9156 1119
9157 8978
9158 9496
9159 2634
9160 5715
9161 4449
9162 4961
9163 9287
9164 690
9165 7235
9166 1358
9167 9258
9168 4421
9169 5422
9170 6724
9171 5737
9172 6519
9173 6449
9174 4393
9175 8905
9176 3882
9177 2392
9178 5180
9179 7363
9180 1942
9181 9630
9182 169
9183 8385
9184 9905
9185 9407
9186 893
9187 5851
9188 1698
9189 153
9190 2484
9191 7702
9192 5289
9193 302
9194 7407
9195 794
9196 7286
9197 7781
9198 7254
9199 4580
9200 9605
9201 3667
9202 6103
9203 7034
9204 98
9205 6749
9206 6390
9207 6462
9208 1379
9209 2509
9210 4840
9211 2485
9212 3000
9213 868
9214 7440
9215 4797
9216 61
9217 708
9218 4400
9219 5935
9220 5203
9221 9526
9222 8460
9223 1630
9224 7536
9225 7651
9226 696
9227 5158
9228 4588
9229 9185
9230 4440
9231 6671
9232 5426
9233 3387
9234 2593
9235 9118
9236 565
9237 6596
9238 1352
9239 5348
9240 3443
9241 5638
9242 6904
9243 2295
9244 224
9245 2657
9246 9596
9247 4183
9248 6708
9249 8012
9250 5873
9251 5802
9252 1550
9253 2462
9254 8037
9255 2359
9256 6126
9257 8751
9258 524
9259 8092
9260 2527
9261 8400
9262 3775
9263 8300
9264 2744
9265 2604
9266 180
9267 5601
9268 9151
9269 8273
9270 8872
9271 3506
9272 1562
9273 621
9274 5574
9275 245
9276 8067
9277 469
9278 3365
9279 7068
9280 2983
9281 5076
9282 2539
9283 9726
9284 1942
9285 2606
9286 4179
9287 6864
9288 5321
9289 6936
9290 1661
9291 8391
9292 6360
9293 9492
9294 30
9295 630
9296 2066
9297 5466
9298 2390
9299 1866
9300 628
9301 1135
9302 2229
9303 7951
9304 2869
9305 7989
9306 4041
9307 6771
9308 2666
9309 4631
9310 945
9311 1860
9312 8722
9313 9449
9314 5178
9315 4305
9316 9706
9317 1475
9318 9276
9319 71
9320 2779
9321 2412
9322 3061
9323 6089
9324 9766
9325 7796
9326 8669
9327 9766
9328 486
9329 5457
9330 3632
9331 7178
9332 57
9333 5979
9334 9536
9335 7727
9336 124
9337 3751
9338 7639
9339 3383
9340 1239
9341 7697
9342 9747
9343 3261
9344 1265
9345 5616
9346 5317
9347 8050
9348 2536
9349 9717
9350 7607
9351 1729
9352 8636
9353 4682
9354 9929
9355 6974
9356 568
9357 8996
9358 6710
9359 1743
9360 6997
9361 7006
9362 9239
9363 2354
9364 9943
9365 5327
9366 1920
9367 6109
9368 7360
9369 3701
9370 7449
9371 6029
9372 17
9373 3170
9374 6826
9375 8865
9376 3709
9377 2385
9378 1758
9379 2441
9380 6766
9381 2499
9382 5871
9383 779
9384 6735
9385 242
9386 2320
9387 2266
9388 2356
9389 9434
9390 2114
9391 8478
9392 6642
9393 3713
9394 3327
9395 2685
9396 2765
9397 1868
9398 8629
9399 3673
9400 4723
9401 7772
9402 8949
9403 4511
9404 6034
9405 3478
9406 2610
9407 8869
9408 7359
9409 957
9410 8775
9411 7065
9412 4140
9413 1012
9414 4199
9415 9046
9416 3586
9417 1856
9418 793
9419 2349
9420 7445
9421 853
9422 8199
9423 7736
9424 3938
9425 4797
9426 3841
9427 252
9428 6179
9429 2036
9430 7835
9431 7619
9432 1609
9433 4746
9434 1355
9435 5996
9436 6972
9437 2347
9438 6917
9439 8062
9440 2113
9441 9319
9442 9192
9443 8392
9444 2101
9445 4345
9446 5139
9447 6403
9448 6682
9449 4501
9450 6629
9451 6248
9452 5449
9453 9013
9454 6278
9455 5837
9456 2740
9457 6405
9458 9232
9459 1999
9460 2812
9461 652
9462 8119
9463 9714
9464 3788
9465 7485
9466 1034
9467 2084
9468 5709
9469 5727
9470 9930
9471 9988
9472 2491
9473 530
9474 8266
9475 3246
9476 2572
9477 4608
9478 6669
9479 9458
9480 1789
9481 6630
9482 7815
9483 2674
9484 5313
9485 9022
9486 943
9487 9618
9488 8115
9489 4605
9490 1665
9491 5860
9492 422
9493 3393
9494 4035
9495 8925
9496 2294
9497 1568
9498 1070
9499 6224
9500 1029
9501 735
9502 1577
9503 9472
9504 7259
9505 886
9506 2181
9507 5748
9508 6266
9509 303
9510 7756
9511 6973
9512 7420
9513 1361
9514 8083
9515 2484
9516 6928
9517 9796
9518 5139
9519 4672
9520 4566
9521 3839
9522 3288
9523 9377
9524 3188
9525 8721
9526 6684
9527 1760
9528 3346
9529 9058
9530 3251
9531 2525
9532 290
9533 2661
9534 1041
9535 7832
9536 9009
9537 8614
9538 347
9539 9175
9540 4525
9541 892
9542 864
9543 8079
9544 8062
9545 5709
9546 2558
9547 463
9548 3969
9549 1144
9550 7090
9551 8168
9552 4687
9553 8594
9554 6124
9555 8955
9556 175
9557 8558
9558 9234
9559 4469
9560 5314
9561 2239
9562 4975
9563 3708
9564 2289
9565 9825
9566 2630
9567 4013
9568 5631
9569 6735
9570 9213
9571 4295
9572 2705
9573 3618
9574 1231
9575 1241
9576 4507
9577 6935
9578 7284
9579 3735
9580 9697
9581 1796
9582 137
9583 8390
9584 4804
9585 7276
9586 2172
9587 7956
9588 7998
9589 8480
9590 1405
9591 247
9592 2773
9593 1547
9594 3305
9595 3249
9596 1820
9597 8276
9598 8925
9599 2423
9600 2727
9601 1136
9602 336
9603 9353
9604 5726
9605 7440
9606 2965
9607 1238
9608 4012
9609 9881
9610 472
9611 4368
9612 8226
9613 4178
9614 4610
9615 780
9616 6007
9617 7201
9618 8741
9619 6273
9620 3233
9621 5958
9622 6014
9623 5815
9624 1973
9625 481
9626 5765
9627 3100
9628 4625
9629 7817
9630 2543
9631 8285
9632 8743
9633 8766
9634 9223
9635 419
9636 8839
9637 9892
9638 3957
9639 5429
9640 720
9641 9731
9642 7856
9643 236
9644 3116
9645 682
9646 5507
9647 4438
9648 9955
9649 3291
9650 4738
9651 6129
9652 3274
9653 1371
9654 9372
9655 3350
9656 238
9657 8596
9658 1748
9659 307
9660 744
9661 7045
9662 9928
9663 142
9664 5106
9665 8321
9666 2308
9667 4390
9668 4614
9669 8205
9670 679
9671 7403
9672 2776
9673 9096
9674 3657
9675 8834
9676 7327
9677 6559
9678 465
9679 2280
9680 7406
9681 6848
9682 4635
9683 4555
9684 3227
9685 4085
9686 7387
9687 6178
9688 4227
9689 4311
9690 5494
9691 6244
9692 3226
9693 1981
9694 3769
9695 532
9696 7458
9697 2179
9698 9646
9699 2375
9700 4004
9701 5982
9702 5707
9703 1655
9704 8189
9705 2580
9706 5541
9707 8769
9708 3192
9709 6000
9710 2125
9711 4724
9712 6040
9713 9687
9714 8
9715 1449
9716 3146
9717 6886
9718 6907
9719 2863
9720 8444
9721 3824
9722 2756
9723 410
9724 300
9725 1269
9726 9562
9727 7569
9728 2555
9729 7914
9730 4126
9731 6098
9732 4576
9733 138
9734 8690
9735 7974
9736 3012
9737 6616
9738 416
9739 7254
9740 3832
9741 500
9742 3191
9743 4264
9744 5702
9745 1668
9746 2197
9747 4667
9748 912
9749 8629
9750 9990
9751 2879
9752 6395
9753 6904
9754 4355
9755 4889
9756 6647
9757 8558
9758 8308
9759 1762
9760 580
9761 1723
9762 2590
9763 347
9764 2296
9765 5343
9766 7931
9767 8716
9768 6608
9769 7750
9770 2798
9771 8110
9772 7064
9773 3690
9774 4119
9775 1125
9776 399
9777 6214
9778 2050
9779 3211
9780 2310
9781 4674
9782 1954
9783 3817
9784 1646
9785 7578
9786 4122
9787 9970
9788 2326
9789 260
9790 480
9791 478
9792 9782
9793 4891
9794 3306
9795 2043
9796 6046
9797 1207
9798 1567
9799 2547
9800 1273
9801 4808
9802 9593
9803 5526
9804 9308
9805 312
9806 9012
9807 8105
9808 5948
9809 8156
9810 4825
9811 1023
9812 6355
9813 8315
9814 3354
9815 3420
9816 1609
9817 6485
9818 3825
9819 6922
9820 7092
9821 533
9822 2519
9823 8723
9824 2234
9825 9000
9826 8609
9827 7463
9828 5495
9829 7408
9830 8860
9831 7810
9832 1732
9833 3227
9834 7412
9835 7964
9836 4348
9837 4688
9838 2550
9839 7839
9840 15
9841 6094
9842 8391
9843 7241
9844 9949
9845 9315
9846 6703
9847 4060
9848 7416
9849 2497
9850 1382
9851 6747
9852 8034
9853 1670
9854 783
9855 4433
9856 9280
9857 1902
9858 332
9859 6882
9860 9478
9861 3699
9862 8143
9863 4160
9864 4448
9865 335
9866 9147
9867 237
9868 2743
9869 1527
9870 65
9871 752
9872 1504
9873 8630
9874 2108
9875 6141
9876 9961
9877 641
9878 8656
9879 8085
9880 9263
9881 6178
9882 861
9883 5535
9884 5501
9885 9634
9886 4992
9887 5037
9888 5090
9889 2770
9890 7066
9891 3852
9892 644
9893 3530
9894 8974
9895 2302
9896 2926
9897 101
9898 1187
9899 7718
9900 673
9901 7894
9902 8773
9903 4411
9904 5118
9905 6747
9906 3886
9907 8625
9908 7149
9909 8579
9910 2339
9911 2553
9912 6926
9913 2291
9914 2083
9915 8037
9916 7323
9917 3455
9918 5236
9919 3189
9920 2614
9921 8395
9922 7218
9923 2410
9924 3222
9925 1638
9926 2688
9927 3346
9928 9992
9929 5237
9930 9726
9931 753
9932 3746
9933 2997
9934 8858
9935 178
9936 8533
9937 5312
9938 9822
9939 5167
9940 3206
9941 736
9942 8487
9943 3570
9944 6393
9945 3764
9946 796
9947 8368
9948 7001
9949 4503
9950 9902
9951 3209
9952 68
9953 8569
9954 6863
9955 6179
9956 840
9957 588
9958 4430
9959 2865
9960 7449
9961 577
9962 7489
9963 6348
9964 2107
9965 7616
9966 5749
9967 1326
9968 7417
9969 3897
9970 1975
9971 3594
9972 836
9973 2121
9974 4796
9975 7894
9976 3806
9977 730
9978 9776
9979 6391
9980 960
9981 7042
9982 140
9983 5773
9984 3878
9985 830
9986 6195
9987 6848
9988 175
9989 4116
9990 1235
9991 85
9992 266
9993 5372
9994 255
9995 6539
9996 326
9997 8394
9998 1273
9999 4224
10000 5458
